1.360000 -0.450000 0.000000 0.910000 -0.680000 0.000000 0.910000 -0.680000 0.000000 0.940000 -0.660000 0.000000
1.130000 -0.910000 0.000000 0.900000 -0.670000 0.060000 0.900000 -0.670000 0.060000 0.940000 -0.670000 0.060000
1.360000 -0.680000 0.000000 0.880000 -0.690000 0.110000 0.890000 -0.690000 0.110000 0.960000 -0.690000 0.110000
1.140000 -0.680000 0.000000 0.870000 -0.670000 0.200000 0.880000 -0.670000 0.200000 0.960000 -0.670000 0.200000
1.140000 -0.450000 0.000000 0.870000 -0.680000 0.260000 0.880000 -0.680000 0.260000 0.970000 -0.670000 0.260000
1.360000 -0.450000 0.000000 0.860000 -0.670000 0.330000 0.880000 -0.670000 0.330000 0.990000 -0.650000 0.330000
1.580000 -0.230000 0.000000 0.870000 -0.690000 0.400000 0.900000 -0.680000 0.400000 1.040000 -0.630000 0.400000
1.580000 -0.450000 0.000000 0.870000 -0.690000 0.480000 0.910000 -0.670000 0.480000 1.070000 -0.620000 0.480000
1.360000 -1.140000 0.000000 0.860000 -0.680000 0.540000 0.920000 -0.670000 0.540000 1.090000 -0.640000 0.540000
1.360000 -0.910000 0.000000 0.860000 -0.690000 0.600000 0.940000 -0.690000 0.600000 1.110000 -0.670000 0.600000
1.130000 -0.680000 0.000000 0.860000 -0.720000 0.650000 0.940000 -0.720000 0.650000 1.110000 -0.700000 0.650000
0.910000 -0.910000 0.000000 0.850000 -0.730000 0.730000 0.940000 -0.740000 0.730000 1.090000 -0.730000 0.730000
1.130000 -0.680000 0.000000 0.820000 -0.730000 0.790000 0.920000 -0.730000 0.790000 1.060000 -0.720000 0.790000
1.140000 -0.450000 0.000000 0.810000 -0.740000 0.850000 0.930000 -0.730000 0.850000 1.060000 -0.710000 0.850000
1.130000 -0.900000 0.000000 0.810000 -0.750000 0.910000 0.940000 -0.750000 0.910000 1.060000 -0.740000 0.910000
1.370000 -0.230000 0.000000 0.790000 -0.750000 0.990000 0.960000 -0.710000 0.990000 1.060000 -0.700000 0.990000
1.360000 -0.680000 0.000000 0.770000 -0.750000 1.070000 0.980000 -0.710000 1.070000 1.070000 -0.700000 1.070000
1.360000 -0.680000 0.000000 0.770000 -0.750000 1.140000 1.020000 -0.700000 1.140000 1.090000 -0.690000 1.140000
0.920000 -0.460000 0.000000 0.770000 -0.730000 1.200000 1.020000 -0.660000 1.200000 1.070000 -0.660000 1.200000
1.350000 -0.680000 0.000000 0.780000 -0.730000 1.240000 1.070000 -0.660000 1.240000 1.110000 -0.660000 1.240000
1.360000 -0.910000 0.000000 0.760000 -0.720000 1.320000 1.090000 -0.670000 1.320000 1.100000 -0.670000 1.320000
1.140000 -0.680000 0.000000 0.750000 -0.730000 1.380000 1.100000 -0.680000 1.380000 1.100000 -0.680000 1.380000
1.140000 -0.460000 0.000000 0.750000 -0.730000 1.440000 1.110000 -0.650000 1.440000 1.100000 -0.660000 1.440000
1.360000 -0.680000 0.000000 0.740000 -0.720000 1.520000 1.150000 -0.650000 1.520000 1.110000 -0.660000 1.520000
1.370000 -0.460000 0.000000 0.750000 -0.730000 1.590000 1.190000 -0.630000 1.590000 1.130000 -0.650000 1.590000
1.360000 -1.140000 0.000000 0.760000 -0.730000 1.630000 1.230000 -0.690000 1.630000 1.160000 -0.690000 1.630000
1.140000 -0.680000 0.000000 0.760000 -0.750000 1.690000 1.240000 -0.700000 1.690000 1.160000 -0.700000 1.690000
1.370000 -0.690000 0.000000 0.750000 -0.750000 1.750000 1.260000 -0.700000 1.750000 1.160000 -0.700000 1.750000
1.600000 -0.910000 0.000000 0.730000 -0.750000 1.830000 1.310000 -0.720000 1.830000 1.180000 -0.720000 1.830000
1.580000 -0.680000 0.000000 0.730000 -0.750000 1.890000 1.360000 -0.720000 1.890000 1.210000 -0.720000 1.890000
1.580000 -0.680000 0.000000 0.720000 -0.750000 1.930000 1.390000 -0.710000 1.930000 1.220000 -0.710000 1.930000
1.360000 -0.910000 0.000000 0.710000 -0.760000 2.020000 1.410000 -0.750000 2.020000 1.230000 -0.740000 2.020000
1.370000 -0.460000 0.000000 0.710000 -0.770000 2.080000 1.420000 -0.720000 2.080000 1.230000 -0.720000 2.080000
1.130000 -0.680000 0.000000 0.710000 -0.770000 2.130000 1.400000 -0.710000 2.130000 1.220000 -0.720000 2.130000
1.140000 -0.460000 0.000000 0.700000 -0.780000 2.220000 1.380000 -0.690000 2.220000 1.210000 -0.710000 2.220000
1.370000 -0.680000 0.000000 0.670000 -0.770000 2.280000 1.370000 -0.680000 2.280000 1.190000 -0.710000 2.280000
1.360000 -0.450000 0.000000 0.660000 -0.780000 2.320000 1.380000 -0.660000 2.320000 1.190000 -0.700000 2.320000
1.130000 -0.450000 0.000000 0.650000 -0.810000 2.390000 1.360000 -0.650000 2.390000 1.190000 -0.710000 2.390000
1.350000 -0.230000 0.000000 0.660000 -0.830000 2.440000 1.380000 -0.610000 2.440000 1.210000 -0.690000 2.440000
1.360000 -0.680000 0.000000 0.670000 -0.850000 2.510000 1.400000 -0.620000 2.510000 1.220000 -0.700000 2.510000
1.360000 -0.910000 0.000000 0.670000 -0.840000 2.600000 1.410000 -0.650000 2.600000 1.230000 -0.720000 2.600000
1.370000 -1.140000 0.000000 0.650000 -0.850000 2.670000 1.410000 -0.710000 2.670000 1.230000 -0.750000 2.670000
1.360000 -0.680000 0.000000 0.630000 -0.850000 2.740000 1.390000 -0.710000 2.740000 1.210000 -0.750000 2.740000
1.600000 -0.910000 0.000000 0.620000 -0.850000 2.800000 1.420000 -0.720000 2.800000 1.230000 -0.760000 2.800000
1.130000 -0.910000 0.000000 0.630000 -0.850000 2.890000 1.410000 -0.750000 2.890000 1.230000 -0.770000 2.890000
1.150000 -0.690000 0.000000 0.620000 -0.850000 2.960000 1.380000 -0.740000 2.960000 1.220000 -0.760000 2.960000
1.800000 -0.680000 0.000000 0.610000 -0.850000 3.020000 1.430000 -0.730000 3.020000 1.250000 -0.760000 3.020000
1.140000 -0.910000 0.000000 0.580000 -0.850000 3.100000 1.390000 -0.750000 3.100000 1.220000 -0.770000 3.100000
1.590000 -0.680000 0.000000 0.600000 -0.860000 3.170000 1.450000 -0.750000 3.170000 1.260000 -0.770000 3.170000
0.680000 0.000000 0.000000 0.650000 -0.860000 3.230000 1.400000 -0.660000 3.230000 1.260000 -0.720000 3.230000
2.450000 9.170000 0.000000 0.960000 -0.820000 3.390000 1.810000 0.620000 3.390000 1.640000 0.010000 3.390000
4.710000 7.210000 0.000000 1.350000 -0.950000 5.240000 2.530000 1.420000 5.240000 2.210000 0.400000 5.240000
-3.670000 12.350000 0.000000 -0.400000 -0.930000 4.760000 0.250000 2.930000 4.760000 0.180000 1.250000 4.760000
4.500000 -4.740000 0.000000 -0.550000 -0.950000 3.210000 0.650000 2.130000 3.210000 0.330000 0.810000 3.210000
-1.790000 -3.180000 0.000000 -1.110000 -1.620000 3.500000 -0.120000 1.010000 3.500000 -0.330000 -0.090000 3.500000
-0.310000 -7.550000 0.000000 -0.910000 -11.130000 5.270000 0.040000 -8.310000 5.270000 -0.150000 -9.480000 5.270000
3.780000 -14.280000 0.000000 0.070000 -22.370001 7.710000 1.400000 -18.809999 7.710000 1.040000 -20.280001 7.710000
12.290000 -27.500000 0.000000 0.450000 -29.620001 9.720000 3.140000 -26.129999 9.720000 2.180000 -27.549999 9.720000
5.750000 -38.360001 0.000000 0.750000 -32.580002 10.860000 3.840000 -30.139999 10.860000 2.710000 -31.059999 10.860000
11.910000 -40.810001 0.000000 0.280000 -35.529999 11.620000 4.570000 -34.000000 11.620000 2.920000 -34.490002 11.620000
5.550000 -41.369999 0.000000 -0.170000 -37.720001 11.540000 4.470000 -36.840000 11.540000 2.680000 -37.020000 11.540000
3.330000 -43.910000 0.000000 -0.030000 -39.790001 11.980000 4.630000 -39.570000 11.980000 2.860000 -39.430000 11.980000
8.710000 -43.730000 0.000000 -0.580000 -39.200001 11.550000 4.840000 -39.630001 11.550000 2.750000 -39.169998 11.550000
5.540000 -44.349998 0.000000 -0.870000 -38.139999 11.280000 4.880000 -39.380001 11.280000 2.680000 -38.549999 11.280000
6.900000 -45.880001 0.000000 -0.970000 -38.259998 11.550000 5.270000 -40.430000 11.550000 2.890000 -39.169998 11.550000
4.340000 -45.770000 0.000000 -0.740000 -35.950001 11.780000 5.570000 -39.250000 11.780000 3.200000 -37.490002 11.780000
6.030000 -32.369999 0.000000 -4.090000 -21.450001 6.260000 2.900000 -25.889999 6.260000 0.280000 -23.620001 6.260000
-2.770000 -5.120000 0.000000 -4.950000 -5.610000 0.810000 1.660000 -9.630000 0.810000 -0.740000 -7.560000 0.810000
-3.670000 -10.380000 0.000000 -4.060000 -0.260000 0.270000 1.960000 -5.260000 0.270000 -0.110000 -2.770000 0.270000
1.240000 -3.730000 0.000000 -2.410000 -0.520000 2.210000 3.480000 -5.570000 2.210000 1.520000 -3.080000 2.210000
-0.430000 -2.390000 0.000000 -1.230000 -1.240000 3.120000 4.160000 -6.050000 3.120000 2.480000 -3.700000 3.120000
-0.850000 -3.400000 0.000000 -0.790000 -1.030000 3.170000 4.010000 -5.760000 3.170000 2.660000 -3.480000 3.170000
0.000000 -3.290000 0.000000 -1.110000 -1.000000 3.230000 3.280000 -5.630000 3.230000 2.170000 -3.440000 3.230000
1.160000 -4.650000 0.000000 -1.070000 -1.110000 3.410000 3.090000 -5.790000 3.410000 2.140000 -3.630000 3.410000
-3.850000 -6.650000 0.000000 -3.980000 -1.800000 3.810000 -0.330000 -6.680000 3.810000 -1.000000 -4.480000 3.810000
-15.400000 -9.760000 0.000000 -21.799999 -3.860000 3.900000 -17.910000 -9.060000 3.900000 -18.610001 -6.770000 3.900000
-24.760000 -14.170000 0.000000 -43.750000 -2.920000 0.820000 -38.080002 -9.070000 0.820000 -39.509998 -6.410000 0.820000
-76.209999 7.590000 0.000000 -55.709999 -5.060000 1.230000 -53.320000 -9.060000 1.230000 -53.220001 -7.430000 1.230000
-79.169998 -18.889999 0.000000 -60.669998 -5.640000 1.120000 -61.029999 -10.920000 1.120000 -59.660000 -8.770000 1.120000
-71.989998 -28.020000 0.000000 -61.770000 -6.930000 2.440000 -63.599998 -14.380000 2.440000 -61.549999 -11.320000 2.440000
-71.239998 -16.480000 0.000000 -64.330002 -7.070000 3.880000 -67.089996 -15.030000 3.880000 -64.620003 -11.810000 3.880000
-66.809998 -26.820000 0.000000 -65.800003 -7.720000 4.610000 -68.639999 -17.379999 4.610000 -66.139999 -13.470000 4.610000
-71.059998 -29.740000 0.000000 -65.480003 -7.060000 5.200000 -68.949997 -18.730000 5.200000 -66.180000 -13.990000 5.200000
-69.550003 -38.049999 0.000000 -64.919998 -7.130000 5.520000 -68.839996 -21.680000 5.520000 -65.900002 -15.740000 5.520000
-67.139999 -27.059999 0.000000 -63.180000 -6.630000 4.410000 -67.400002 -22.490000 4.410000 -64.360001 -16.070000 4.410000
-68.910004 -26.290001 0.000000 -61.919998 -5.800000 4.700000 -66.790001 -22.850000 4.700000 -63.500000 -16.010000 4.700000
-67.089996 -23.959999 0.000000 -60.619999 -5.330000 4.320000 -66.010002 -23.209999 4.320000 -62.549999 -16.129999 4.320000
-64.089996 -27.760000 0.000000 -55.240002 -4.680000 3.310000 -61.369999 -23.860001 3.310000 -57.639999 -16.340000 3.310000
-30.840000 -7.800000 0.000000 -33.220001 -6.060000 2.520000 -38.459999 -23.680000 2.520000 -35.230000 -17.020000 2.520000
-47.669998 -13.980000 0.000000 -18.219999 -4.390000 1.340000 -26.750000 -21.530001 1.340000 -22.129999 -15.250000 1.340000
-17.870001 -9.980000 0.000000 -12.250000 -1.270000 1.540000 -20.830000 -17.809999 1.540000 -16.260000 -11.990000 1.540000
-9.910000 9.780000 0.000000 -8.110000 -1.280000 0.920000 -16.230000 -14.730000 0.920000 -11.960000 -10.470000 0.920000
-8.310000 0.760000 0.000000 -5.860000 0.340000 2.760000 -13.620000 -11.570000 2.760000 -9.600000 -8.170000 2.760000
-10.340000 -2.140000 0.000000 -3.520000 0.350000 7.250000 -11.480000 -10.500000 7.250000 -7.470000 -7.740000 7.250000
0.000000 1.310000 0.000000 -1.580000 -0.270000 7.280000 -8.650000 -9.600000 7.280000 -5.140000 -7.690000 7.280000
21.850000 10.270000 0.000000 -1.580000 -0.280000 11.500000 -5.030000 -7.070000 11.500000 -3.260000 -6.440000 11.500000
1.360000 -0.910000 0.000000 -1.560000 -0.290000 11.580000 -4.250000 -6.130000 11.580000 -2.910000 -6.050000 11.580000
0.910000 -0.910000 0.000000 -1.570000 -0.300000 11.650000 -3.610000 -5.290000 11.650000 -2.660000 -5.710000 11.650000
1.590000 -0.910000 0.000000 -1.590000 -0.310000 11.690000 -2.930000 -4.510000 11.690000 -2.370000 -5.380000 11.690000
1.590000 -0.910000 0.000000 -1.610000 -0.340000 11.780000 -2.310000 -3.820000 11.780000 -2.110000 -5.100000 11.780000
1.370000 -0.910000 0.000000 -1.620000 -0.330000 11.850000 -1.760000 -3.160000 11.850000 -1.880000 -4.790000 11.850000
1.360000 -0.450000 0.000000 -1.650000 -0.340000 11.950000 -1.270000 -2.530000 11.950000 -1.680000 -4.500000 11.950000
1.130000 -0.680000 0.000000 -1.650000 -0.330000 12.000000 -0.830000 -1.970000 12.000000 -1.490000 -4.230000 12.000000
1.600000 -0.920000 0.000000 -1.660000 -0.340000 12.060000 -0.370000 -1.520000 12.060000 -1.280000 -4.000000 12.060000
1.130000 -0.680000 0.000000 -1.670000 -0.330000 12.130000 -0.020000 -1.080000 12.130000 -1.120000 -3.760000 12.130000
1.140000 -0.680000 0.000000 -1.680000 -0.310000 12.190000 0.290000 -0.680000 12.190000 -0.970000 -3.520000 12.190000
1.140000 -0.680000 0.000000 -1.700000 -0.340000 12.250000 0.570000 -0.370000 12.250000 -0.840000 -3.350000 12.250000
1.140000 -0.680000 0.000000 -1.710000 -0.350000 12.310000 0.820000 -0.090000 12.310000 -0.710000 -3.170000 12.310000
1.130000 -0.680000 0.000000 -1.710000 -0.360000 12.410000 1.060000 0.160000 12.410000 -0.580000 -3.010000 12.410000
1.590000 -0.450000 0.000000 -1.720000 -0.360000 12.480000 1.300000 0.390000 12.480000 -0.440000 -2.840000 12.480000
1.140000 -0.450000 0.000000 -1.720000 -0.370000 12.560000 1.480000 0.590000 12.560000 -0.330000 -2.670000 12.560000
1.140000 -0.230000 0.000000 -1.710000 -0.370000 12.620000 1.640000 0.790000 12.620000 -0.220000 -2.510000 12.620000
1.140000 -0.910000 0.000000 -1.720000 -0.390000 12.680000 1.760000 0.850000 12.680000 -0.130000 -2.410000 12.680000
1.350000 -0.900000 0.000000 -1.710000 -0.400000 12.760000 1.890000 0.910000 12.760000 -0.020000 -2.310000 12.760000
1.810000 -0.680000 0.000000 -1.720000 -0.390000 12.790000 2.050000 0.980000 12.790000 0.090000 -2.190000 12.790000
1.360000 -0.680000 0.000000 -1.720000 -0.390000 12.850000 2.140000 1.020000 12.850000 0.180000 -2.090000 12.850000
1.360000 -0.450000 0.000000 -1.720000 -0.390000 12.940000 2.210000 1.080000 12.940000 0.270000 -1.970000 12.940000
1.370000 -0.230000 0.000000 -1.730000 -0.400000 12.980000 2.260000 1.130000 12.980000 0.330000 -1.860000 12.980000
1.130000 -0.230000 0.000000 -1.750000 -0.420000 13.020000 2.260000 1.170000 13.020000 0.370000 -1.760000 13.020000
1.140000 -0.680000 0.000000 -1.760000 -0.430000 13.110000 2.260000 1.130000 13.110000 0.420000 -1.690000 13.110000
1.360000 -0.680000 0.000000 -1.760000 -0.440000 13.180000 2.280000 1.080000 13.180000 0.490000 -1.640000 13.180000
1.360000 -0.680000 0.000000 -1.770000 -0.450000 13.250000 2.290000 1.030000 13.250000 0.540000 -1.580000 13.250000
1.600000 -0.680000 0.000000 -1.770000 -0.450000 13.290000 2.320000 0.980000 13.290000 0.610000 -1.520000 13.290000
1.130000 -0.680000 0.000000 -1.750000 -0.440000 13.350000 2.310000 0.940000 13.350000 0.670000 -1.440000 13.350000
1.360000 -0.450000 0.000000 -1.760000 -0.460000 13.380000 2.290000 0.880000 13.380000 0.700000 -1.390000 13.380000
1.590000 -0.450000 0.000000 -1.770000 -0.480000 13.420000 2.300000 0.820000 13.420000 0.760000 -1.350000 13.420000
1.360000 -0.230000 0.000000 -1.770000 -0.500000 13.470000 2.280000 0.800000 13.470000 0.800000 -1.280000 13.470000
1.800000 -0.900000 0.000000 -1.770000 -0.510000 13.520000 2.310000 0.680000 13.520000 0.870000 -1.270000 13.520000
1.360000 -0.680000 0.000000 -1.770000 -0.520000 13.580000 2.270000 0.610000 13.580000 0.910000 -1.230000 13.580000
1.600000 -1.140000 0.000000 -1.780000 -0.510000 13.630000 2.260000 0.480000 13.630000 0.940000 -1.220000 13.630000
1.360000 -1.140000 0.000000 -1.770000 -0.520000 13.690000 2.220000 0.340000 13.690000 0.980000 -1.230000 13.690000
1.360000 -0.450000 0.000000 -1.770000 -0.530000 13.760000 2.180000 0.300000 13.760000 1.010000 -1.180000 13.760000
1.140000 -0.680000 0.000000 -1.780000 -0.530000 13.830000 2.100000 0.230000 13.830000 1.010000 -1.150000 13.830000
1.580000 -0.680000 0.000000 -1.800000 -0.540000 13.920000 2.080000 0.160000 13.920000 1.040000 -1.130000 13.920000
1.360000 -0.230000 0.000000 -1.800000 -0.540000 14.000000 2.030000 0.160000 14.000000 1.050000 -1.060000 14.000000
1.130000 -0.450000 0.000000 -1.800000 -0.540000 14.070000 1.960000 0.120000 14.070000 1.060000 -1.020000 14.070000
1.140000 -0.680000 0.000000 -1.800000 -0.560000 14.130000 1.890000 0.050000 14.130000 1.060000 -1.010000 14.130000
1.140000 -0.680000 0.000000 -1.820000 -0.550000 14.220000 1.810000 -0.000000 14.220000 1.050000 -0.980000 14.220000
1.350000 -0.680000 0.000000 -1.830000 -0.530000 14.280000 1.770000 -0.050000 14.280000 1.070000 -0.940000 14.280000
1.590000 -0.450000 0.000000 -1.840000 -0.550000 14.310000 1.760000 -0.090000 14.310000 1.090000 -0.920000 14.310000
1.140000 -0.230000 0.000000 -1.860000 -0.540000 14.370000 1.690000 -0.080000 14.370000 1.080000 -0.870000 14.370000
1.360000 -0.450000 0.000000 -1.860000 -0.550000 14.450000 1.660000 -0.120000 14.450000 1.100000 -0.850000 14.450000
1.580000 -0.230000 0.000000 -1.850000 -0.560000 14.540000 1.680000 -0.120000 14.540000 1.140000 -0.820000 14.540000
1.350000 -0.450000 0.000000 -1.850000 -0.570000 14.590000 1.650000 -0.150000 14.590000 1.150000 -0.790000 14.590000
1.600000 -0.910000 0.000000 -1.860000 -0.570000 14.630000 1.650000 -0.230000 14.630000 1.180000 -0.800000 14.630000
1.360000 -0.230000 0.000000 -1.870000 -0.570000 14.700000 1.620000 -0.230000 14.700000 1.180000 -0.760000 14.700000
1.360000 -0.450000 0.000000 -1.850000 -0.570000 14.760000 1.610000 -0.250000 14.760000 1.210000 -0.740000 14.760000
1.130000 -0.680000 0.000000 -1.880000 -0.590000 14.840000 1.530000 -0.310000 14.840000 1.180000 -0.760000 14.840000
1.140000 -0.680000 0.000000 -1.900000 -0.580000 14.930000 1.470000 -0.350000 14.930000 1.160000 -0.750000 14.930000
1.360000 -0.680000 0.000000 -1.910000 -0.590000 14.990000 1.450000 -0.400000 14.990000 1.160000 -0.750000 14.990000
1.350000 -0.450000 0.000000 -1.900000 -0.570000 15.070000 1.450000 -0.390000 15.070000 1.190000 -0.710000 15.070000
1.140000 -0.230000 0.000000 -1.930000 -0.570000 15.140000 1.380000 -0.370000 15.140000 1.160000 -0.680000 15.140000
1.140000 -0.680000 0.000000 -1.570000 -0.570000 15.210000 1.660000 -0.410000 15.210000 1.480000 -0.680000 15.210000
1.370000 -0.460000 0.000000 -1.590000 -0.600000 15.290000 1.600000 -0.440000 15.290000 1.460000 -0.690000 15.290000
1.360000 -0.680000 0.000000 -1.590000 -0.580000 15.350000 1.560000 -0.460000 15.350000 1.450000 -0.670000 15.350000
1.130000 -0.680000 0.000000 -1.610000 -0.590000 15.420000 1.480000 -0.500000 15.420000 1.410000 -0.680000 15.420000
1.130000 -0.450000 0.000000 -1.610000 -0.610000 15.480000 1.430000 -0.520000 15.480000 1.390000 -0.680000 15.480000
1.360000 -0.450000 0.000000 -1.610000 -0.620000 15.550000 1.410000 -0.520000 15.550000 1.390000 -0.670000 15.550000
1.800000 -0.450000 0.000000 -1.600000 -0.600000 15.600000 1.450000 -0.500000 15.600000 1.430000 -0.640000 15.600000
1.580000 -0.230000 0.000000 -1.600000 -0.590000 15.660000 1.450000 -0.460000 15.660000 1.440000 -0.600000 15.660000
1.140000 -0.680000 0.000000 -1.600000 -0.610000 15.730000 1.400000 -0.510000 15.730000 1.420000 -0.630000 15.730000
1.360000 -0.680000 0.000000 -1.600000 -0.600000 15.800000 1.390000 -0.520000 15.800000 1.410000 -0.620000 15.800000
1.580000 -0.910000 0.000000 -1.600000 -0.600000 15.870000 1.400000 -0.580000 15.870000 1.430000 -0.640000 15.870000
1.140000 -0.680000 0.000000 -1.610000 -0.620000 15.940000 1.340000 -0.620000 15.940000 1.400000 -0.660000 15.940000
1.130000 -1.130000 0.000000 -1.590000 -0.610000 16.000000 1.320000 -0.680000 16.000000 1.390000 -0.690000 16.000000
1.360000 -0.680000 0.000000 -1.600000 -0.610000 16.080000 1.310000 -0.690000 16.080000 1.390000 -0.680000 16.080000
1.130000 -0.230000 0.000000 -1.610000 -0.620000 16.139999 1.260000 -0.650000 16.139999 1.360000 -0.660000 16.139999
1.360000 -0.910000 0.000000 -1.620000 -0.590000 16.200001 1.250000 -0.670000 16.200001 1.350000 -0.660000 16.200001
1.820000 -0.910000 0.000000 -1.610000 -0.590000 16.270000 1.320000 -0.710000 16.270000 1.390000 -0.670000 16.270000
0.910000 -0.230000 0.000000 -1.610000 -0.600000 16.350000 1.250000 -0.660000 16.350000 1.350000 -0.640000 16.350000
1.130000 -0.230000 0.000000 -1.620000 -0.620000 16.420000 1.220000 -0.630000 16.420000 1.330000 -0.630000 16.420000
1.580000 -0.680000 0.000000 -1.650000 -0.620000 16.500000 1.220000 -0.650000 16.500000 1.320000 -0.640000 16.500000
1.370000 -0.460000 0.000000 -1.660000 -0.630000 16.590000 1.220000 -0.640000 16.590000 1.310000 -0.640000 16.590000
1.600000 -0.680000 0.000000 -1.640000 -0.620000 16.660000 1.280000 -0.640000 16.660000 1.360000 -0.630000 16.660000
1.580000 -0.450000 0.000000 -1.650000 -0.630000 16.730000 1.300000 -0.630000 16.730000 1.360000 -0.630000 16.730000
1.360000 -0.230000 0.000000 -1.670000 -0.640000 16.820000 1.290000 -0.590000 16.820000 1.340000 -0.610000 16.820000
1.360000 -0.910000 0.000000 -1.680000 -0.650000 16.889999 1.290000 -0.640000 16.889999 1.340000 -0.640000 16.889999
0.910000 -1.580000 0.000000 -1.670000 -0.660000 20.360001 1.240000 -0.770000 20.360001 1.320000 -0.710000 20.360001
-3.430000 -0.690000 0.000000 -1.780000 -0.700000 22.760000 0.540000 -0.800000 22.760000 0.880000 -0.750000 22.760000
-32.910000 7.810000 0.000000 -1.770000 -0.680000 34.830002 -3.750000 0.310000 34.830002 -1.480000 -0.130000 34.830002
-19.350000 11.990000 0.000000 -1.660000 -0.760000 58.020000 -5.900000 1.770000 58.020000 -2.620000 0.640000 58.020000
45.099998 5.510000 0.000000 -1.610000 -0.800000 73.639999 0.260000 2.340000 73.639999 0.760000 0.950000 73.639999
2.720000 -2.950000 0.000000 -1.720000 -0.790000 73.220001 0.460000 1.830000 73.220001 0.800000 0.680000 73.220001
-2.710000 1.360000 0.000000 -1.720000 -0.800000 73.209999 0.050000 1.880000 73.209999 0.550000 0.720000 73.209999
1.110000 -0.220000 0.000000 -1.600000 -0.800000 72.830002 0.270000 1.720000 72.830002 0.700000 0.650000 72.830002
0.910000 -0.450000 0.000000 -1.600000 -0.800000 72.870003 0.330000 1.550000 72.870003 0.720000 0.570000 72.870003
2.270000 -2.270000 0.000000 -1.640000 -0.820000 71.669998 0.530000 1.130000 71.669998 0.780000 0.360000 71.669998
8.410000 2.010000 0.000000 -1.740000 -0.810000 65.930000 1.440000 1.310000 65.930000 1.220000 0.490000 65.930000
17.910000 16.600000 0.000000 -1.830000 -0.790000 51.529999 3.520000 3.330000 51.529999 2.310000 1.630000 51.529999
14.710000 12.080000 0.000000 -1.940000 -0.710000 23.139999 5.010000 4.670000 23.139999 3.080000 2.430000 23.139999
-29.410000 21.990000 0.000000 -2.110000 -0.780000 0.100000 0.720000 7.030000 0.100000 0.640000 3.740000 0.100000
-12.180000 -6.760000 0.000000 -2.160000 -0.780000 -3.630000 -0.950000 5.630000 -3.630000 -0.300000 3.010000 -3.630000
-1.140000 -1.140000 0.000000 -2.150000 -0.780000 -3.020000 -1.050000 5.010000 -3.020000 -0.350000 2.710000 -3.020000
4.050000 -0.450000 0.000000 -2.140000 -0.790000 -2.340000 -0.470000 4.510000 -2.340000 -0.030000 2.490000 -2.340000
0.910000 -0.450000 0.000000 -2.160000 -0.770000 -2.300000 -0.350000 4.040000 -2.300000 0.020000 2.290000 -2.300000
1.360000 -0.680000 0.000000 -2.160000 -0.790000 -2.230000 -0.170000 3.560000 -2.230000 0.110000 2.070000 -2.230000
1.130000 -0.450000 0.000000 -2.170000 -0.800000 -2.130000 -0.040000 3.120000 -2.130000 0.170000 1.880000 -2.130000
1.370000 -0.690000 0.000000 -2.170000 -0.800000 -2.080000 0.120000 2.700000 -2.080000 0.250000 1.700000 -2.080000
1.360000 -0.680000 0.000000 -2.180000 -0.820000 -2.000000 0.270000 2.290000 -2.000000 0.330000 1.520000 -2.000000
1.360000 -0.450000 0.000000 -2.170000 -0.840000 -1.910000 0.420000 1.930000 -1.910000 0.400000 1.360000 -1.910000
0.910000 -0.450000 0.000000 -2.180000 -0.850000 -1.860000 0.490000 1.620000 -1.860000 0.430000 1.230000 -1.860000
1.590000 -0.450000 0.000000 -2.190000 -0.840000 -1.760000 0.630000 1.340000 -1.760000 0.500000 1.120000 -1.760000
1.360000 -0.680000 0.000000 -2.190000 -0.860000 -1.680000 0.750000 1.020000 -1.680000 0.560000 0.970000 -1.680000
1.370000 -0.910000 0.000000 -2.180000 -0.870000 -1.640000 0.860000 0.720000 -1.640000 0.630000 0.830000 -1.640000
1.360000 -0.450000 0.000000 -2.180000 -0.860000 -1.580000 0.960000 0.520000 -1.580000 0.680000 0.750000 -1.580000
0.910000 -0.460000 0.000000 -2.200000 -0.860000 -1.510000 0.970000 0.320000 -1.510000 0.680000 0.660000 -1.510000
1.360000 -0.910000 0.000000 -2.550000 -0.860000 -1.430000 0.740000 0.100000 -1.430000 0.400000 0.560000 -1.430000
1.580000 -0.680000 0.000000 -2.580000 -0.870000 -1.370000 0.860000 -0.100000 -1.370000 0.450000 0.460000 -1.370000
1.350000 -0.900000 0.000000 -2.590000 -0.870000 -1.300000 0.960000 -0.290000 -1.300000 0.510000 0.360000 -1.300000
1.580000 -0.680000 0.000000 -2.600000 -0.860000 -1.240000 1.080000 -0.430000 -1.240000 0.570000 0.300000 -1.240000
1.360000 -0.450000 0.000000 -2.610000 -0.870000 -1.170000 1.160000 -0.530000 -1.170000 0.620000 0.240000 -1.170000
1.600000 -0.910000 0.000000 -2.620000 -0.860000 -1.100000 1.260000 -0.660000 -1.100000 0.680000 0.170000 -1.100000
1.140000 -0.910000 0.000000 -2.620000 -0.850000 -1.030000 1.290000 -0.790000 -1.030000 0.710000 0.100000 -1.030000
1.140000 -0.910000 0.000000 -2.610000 -0.870000 -0.990000 1.340000 -0.920000 -0.990000 0.750000 0.010000 -0.990000
1.360000 -0.680000 0.000000 -2.610000 -0.880000 -0.920000 1.400000 -1.000000 -0.920000 0.790000 -0.050000 -0.920000
1.360000 -0.680000 0.000000 -2.620000 -0.900000 -0.840000 1.430000 -1.060000 -0.840000 0.820000 -0.100000 -0.840000
1.360000 -0.680000 0.000000 -2.610000 -0.910000 -0.780000 1.490000 -1.120000 -0.780000 0.870000 -0.160000 -0.780000
1.080000 -1.090000 0.000000 -2.610000 -0.900000 -0.700000 1.490000 -1.200000 -0.700000 0.890000 -0.210000 -0.700000
0.920000 -0.460000 0.000000 -2.600000 -0.900000 -0.640000 1.470000 -1.190000 -0.640000 0.900000 -0.230000 -0.640000
1.360000 -0.910000 0.000000 -2.580000 -0.910000 -0.560000 1.510000 -1.250000 -0.560000 0.940000 -0.290000 -0.560000
1.130000 -1.130000 0.000000 -2.600000 -0.900000 -0.470000 1.500000 -1.310000 -0.470000 0.950000 -0.340000 -0.470000
1.360000 -0.680000 0.000000 -2.610000 -0.890000 -0.400000 1.510000 -1.290000 -0.400000 0.960000 -0.350000 -0.400000
1.360000 -0.450000 0.000000 -2.610000 -0.900000 -0.310000 1.530000 -1.270000 -0.310000 0.990000 -0.370000 -0.310000
1.360000 -0.680000 0.000000 -2.630000 -0.900000 -0.200000 1.530000 -1.270000 -0.200000 1.000000 -0.390000 -0.200000
1.600000 -0.690000 0.000000 -2.640000 -0.900000 -0.140000 1.570000 -1.260000 -0.140000 1.030000 -0.410000 -0.140000
1.370000 -0.680000 0.000000 -2.640000 -0.910000 -0.060000 1.570000 -1.250000 -0.060000 1.050000 -0.440000 -0.060000
1.360000 -0.450000 0.000000 -2.670000 -0.920000 0.010000 1.560000 -1.210000 0.010000 1.050000 -0.450000 0.010000
1.370000 -0.680000 0.000000 -2.680000 -0.940000 0.060000 1.560000 -1.210000 0.060000 1.060000 -0.480000 0.060000
1.130000 -0.680000 0.000000 -2.680000 -0.950000 0.120000 1.530000 -1.200000 0.120000 1.060000 -0.510000 0.120000
1.360000 -0.680000 0.000000 -2.700000 -0.960000 0.170000 1.520000 -1.180000 0.170000 1.060000 -0.530000 0.170000
1.350000 -0.450000 0.000000 -2.700000 -0.960000 0.230000 1.520000 -1.130000 0.230000 1.090000 -0.530000 0.230000
1.590000 -0.680000 0.000000 -2.720000 -0.970000 0.290000 1.550000 -1.110000 0.290000 1.110000 -0.550000 0.290000
1.360000 -0.680000 0.000000 -2.720000 -0.960000 0.370000 1.550000 -1.070000 0.370000 1.120000 -0.540000 0.370000
1.810000 -0.910000 0.000000 -2.740000 -0.960000 0.450000 1.590000 -1.080000 0.450000 1.150000 -0.570000 0.450000
1.140000 -0.680000 0.000000 -2.750000 -0.960000 0.500000 1.540000 -1.050000 0.500000 1.140000 -0.580000 0.500000
0.910000 -0.680000 0.000000 -2.770000 -0.970000 0.590000 1.470000 -1.030000 0.590000 1.110000 -0.600000 0.590000
1.360000 -0.680000 0.000000 -2.770000 -0.990000 0.670000 1.480000 -1.020000 0.670000 1.130000 -0.610000 0.670000
1.830000 -0.460000 0.000000 -2.780000 -1.010000 0.720000 1.530000 -0.980000 0.720000 1.160000 -0.620000 0.720000
1.830000 -0.680000 0.000000 -2.790000 -1.020000 0.760000 1.580000 -0.960000 0.760000 1.200000 -0.630000 0.760000
1.360000 -0.910000 0.000000 -2.780000 -1.020000 0.830000 1.580000 -0.960000 0.830000 1.220000 -0.660000 0.830000
1.590000 -0.680000 0.000000 -2.780000 -1.020000 0.900000 1.600000 -0.940000 0.900000 1.250000 -0.660000 0.900000
1.360000 -0.910000 0.000000 -2.800000 -1.030000 0.960000 1.580000 -0.950000 0.960000 1.240000 -0.690000 0.960000
1.360000 -0.910000 0.000000 -2.810000 -1.030000 1.020000 1.550000 -0.950000 1.020000 1.230000 -0.700000 1.020000
1.360000 -0.910000 0.000000 -2.830000 -1.030000 1.100000 1.530000 -0.950000 1.100000 1.230000 -0.720000 1.100000
1.150000 -0.920000 0.000000 -2.830000 -1.020000 1.190000 1.500000 -0.940000 1.190000 1.220000 -0.720000 1.190000
1.370000 -0.680000 0.000000 -2.850000 -1.040000 1.260000 1.480000 -0.930000 1.260000 1.220000 -0.740000 1.260000
1.360000 -0.450000 0.000000 -2.870000 -1.020000 1.330000 1.460000 -0.860000 1.330000 1.210000 -0.700000 1.330000
1.800000 -0.670000 0.000000 -2.870000 -1.030000 1.410000 1.520000 -0.850000 1.410000 1.250000 -0.710000 1.410000
1.360000 -0.910000 0.000000 -2.870000 -1.020000 1.480000 1.500000 -0.850000 1.480000 1.250000 -0.710000 1.480000
1.140000 -0.450000 0.000000 -2.880000 -1.030000 1.520000 1.470000 -0.800000 1.520000 1.240000 -0.700000 1.520000
0.890000 -0.670000 0.000000 -2.880000 -1.040000 1.610000 1.400000 -0.790000 1.610000 1.210000 -0.710000 1.610000
1.360000 -0.910000 0.000000 -2.880000 -1.060000 1.660000 1.400000 -0.820000 1.660000 1.230000 -0.740000 1.660000
1.590000 -0.680000 0.000000 -2.880000 -1.050000 1.720000 1.430000 -0.790000 1.720000 1.250000 -0.730000 1.720000
1.130000 -0.910000 0.000000 -2.890000 -1.070000 1.780000 1.390000 -0.820000 1.780000 1.230000 -0.760000 1.780000
1.590000 -1.360000 0.000000 -2.890000 -1.090000 1.850000 1.420000 -0.900000 1.850000 1.260000 -0.820000 1.850000
1.140000 -0.910000 0.000000 -2.900000 -1.100000 1.910000 1.380000 -0.910000 1.910000 1.240000 -0.830000 1.910000
0.680000 -0.450000 0.000000 -2.910000 -1.100000 1.980000 1.290000 -0.850000 1.980000 1.190000 -0.810000 1.980000
1.360000 -0.680000 0.000000 -2.920000 -1.110000 2.020000 1.290000 -0.830000 2.020000 1.190000 -0.810000 2.020000
1.360000 -1.140000 0.000000 -2.930000 -1.120000 2.080000 1.290000 -0.870000 2.080000 1.190000 -0.840000 2.080000
1.580000 -0.450000 0.000000 -2.920000 -1.140000 2.140000 1.340000 -0.850000 2.140000 1.230000 -0.840000 2.140000
1.130000 -0.450000 0.000000 -2.920000 -1.150000 2.200000 1.310000 -0.790000 2.200000 1.230000 -0.810000 2.200000
12.090000 0.450000 0.000000 -2.930000 -1.160000 3.700000 2.680000 -0.640000 3.700000 1.980000 -0.740000 3.700000
1.820000 -0.680000 0.000000 -2.920000 -1.170000 3.790000 2.650000 -0.640000 3.790000 1.970000 -0.750000 3.790000
1.370000 -0.680000 0.000000 -2.940000 -1.190000 3.830000 2.540000 -0.640000 3.830000 1.920000 -0.750000 3.830000
4.080000 -2.730000 0.000000 -2.930000 -1.200000 3.390000 2.800000 -0.900000 3.390000 2.070000 -0.910000 3.390000
1.820000 -1.360000 0.000000 -2.960000 -1.210000 3.010000 2.720000 -0.960000 3.010000 2.030000 -0.940000 3.010000
5.710000 0.000000 0.000000 -2.970000 -1.220000 4.600000 3.150000 -0.850000 4.600000 2.280000 -0.880000 4.600000
3.590000 -7.430000 0.000000 -3.010000 -1.200000 5.520000 3.260000 -1.670000 5.520000 2.340000 -1.330000 5.520000
6.090000 -1.810000 0.000000 -2.920000 -1.190000 6.870000 3.780000 -1.710000 6.870000 2.670000 -1.350000 6.870000
-1.800000 -0.900000 0.000000 -2.930000 -1.200000 7.100000 3.160000 -1.660000 7.100000 2.350000 -1.330000 7.100000
-1.120000 -1.350000 0.000000 -2.630000 -1.070000 7.740000 2.950000 -1.540000 7.740000 2.400000 -1.210000 7.740000
-1.370000 -0.230000 0.000000 -2.180000 0.090000 9.770000 2.820000 -0.390000 9.770000 2.550000 -0.060000 9.770000
-4.560000 2.590000 0.000000 -4.490000 -3.760000 9.170000 -0.150000 -3.420000 9.170000 -0.100000 -3.460000 9.170000
-1.690000 -7.200000 0.000000 -5.560000 -7.650000 9.130000 -1.320000 -7.290000 9.130000 -1.210000 -7.350000 9.130000
-1.070000 -6.460000 0.000000 -5.130000 -16.850000 8.840000 -0.940000 -15.240000 8.840000 -0.800000 -15.860000 8.840000
-8.370000 -16.580000 0.000000 -4.520000 -26.730000 8.720000 -1.390000 -23.980000 8.720000 -0.760000 -25.110001 8.720000
3.840000 -27.110001 0.000000 -3.590000 -33.889999 9.310000 -0.010000 -30.510000 9.310000 0.420000 -31.930000 9.310000
2.860000 -34.369999 0.000000 -3.050000 -40.880001 9.270000 0.770000 -36.970001 9.270000 1.100000 -38.619999 9.270000
5.280000 -49.090000 0.000000 -2.450000 -47.790001 8.490000 1.830000 -44.369999 8.490000 1.950000 -45.779999 8.490000
1.780000 -56.590000 0.000000 -2.630000 -54.910000 6.860000 1.640000 -52.009998 6.860000 1.770000 -53.180000 6.860000
-5.190000 -61.810001 0.000000 -2.740000 -61.330002 5.620000 0.650000 -58.770000 5.620000 1.180000 -59.770000 5.620000
-8.730000 -79.500000 0.000000 -3.370000 -64.629997 4.930000 -1.160000 -64.199997 4.930000 -0.100000 -64.220001 4.930000
-2.730000 -73.370003 0.000000 -4.270000 -65.110001 4.710000 -2.280000 -65.809998 4.710000 -1.120000 -65.309998 4.710000
-5.610000 -61.650002 0.000000 -4.920000 -64.769997 4.780000 -3.400000 -65.070000 4.780000 -2.050000 -64.730003 4.780000
-4.660000 -62.740002 0.000000 -4.960000 -64.029999 5.240000 -3.740000 -64.180000 5.240000 -2.260000 -63.910000 5.240000
-2.170000 -64.410004 0.000000 -5.030000 -62.639999 5.650000 -3.760000 -63.040001 5.650000 -2.320000 -62.650002 5.650000
-1.720000 -60.549999 0.000000 -5.350000 -61.610001 5.660000 -3.920000 -61.889999 5.660000 -2.580000 -61.549999 5.660000
-0.450000 -62.840000 0.000000 -5.150000 -60.750000 5.930000 -3.420000 -61.290001 5.930000 -2.240000 -60.830002 5.930000
-3.020000 -64.790001 0.000000 -5.200000 -60.459999 5.950000 -3.510000 -61.549999 5.950000 -2.340000 -60.840000 5.950000
-3.260000 -62.599998 0.000000 -4.970000 -60.950001 5.930000 -3.370000 -62.189999 5.930000 -2.190000 -61.410000 5.930000
-5.550000 -61.980000 0.000000 -4.690000 -61.520000 6.120000 -3.500000 -62.759998 6.120000 -2.170000 -61.990002 6.120000
-2.190000 -60.500000 0.000000 -4.560000 -61.279999 6.360000 -3.330000 -62.340000 6.360000 -2.050000 -61.660000 6.360000
-4.140000 -59.340000 0.000000 -4.650000 -60.410000 6.590000 -3.620000 -61.270000 6.590000 -2.280000 -60.689999 6.590000
-0.880000 -63.430000 0.000000 -4.210000 -57.540001 6.980000 -2.980000 -59.080002 6.980000 -1.770000 -58.209999 6.980000
-1.230000 -56.720001 0.000000 -4.490000 -48.680000 7.350000 -3.100000 -51.099998 7.350000 -1.990000 -49.849998 7.350000
-2.630000 -43.139999 0.000000 -5.190000 -36.459999 8.190000 -3.730000 -39.509998 8.190000 -2.690000 -37.980000 8.190000
-4.140000 -21.219999 0.000000 -6.070000 -22.660000 9.490000 -4.620000 -25.250000 9.490000 -3.610000 -23.950001 9.490000
4.010000 -3.760000 0.000000 -7.410000 -7.390000 11.550000 -4.760000 -9.260000 11.550000 -4.320000 -8.310000 11.550000
11.340000 0.900000 0.000000 -6.420000 1.040000 14.020000 -1.830000 -0.670000 14.020000 -2.310000 0.190000 14.020000
1.900000 2.470000 0.000000 -5.040000 1.760000 14.920000 -0.040000 0.290000 14.920000 -0.730000 1.030000 14.920000
0.670000 1.110000 0.000000 -4.250000 1.230000 15.790000 0.880000 -0.130000 15.790000 0.110000 0.530000 15.790000
0.000000 1.220000 0.000000 -4.220000 1.410000 16.639999 0.910000 0.160000 16.639999 0.130000 0.750000 16.639999
-0.300000 1.220000 0.000000 -5.240000 5.050000 16.690001 -0.030000 3.450000 16.690001 -0.860000 4.180000 16.690001
3.360000 26.440001 0.000000 -7.760000 22.020000 19.180000 -1.700000 21.180000 19.180000 -2.910000 21.549999 19.180000
-6.590000 28.719999 0.000000 -8.430000 37.080002 21.129999 -2.760000 35.320000 21.129999 -3.790000 36.080002 21.129999
-9.870000 45.000000 0.000000 -9.170000 49.660000 22.809999 -4.190000 47.520000 22.809999 -4.910000 48.430000 22.809999
-5.090000 49.209999 0.000000 -8.700000 61.759998 23.280001 -3.810000 58.250000 23.280001 -4.480000 59.759998 23.280001
-3.730000 57.040001 0.000000 -6.860000 64.120003 23.570000 -2.110000 60.009998 23.570000 -2.710000 61.770000 23.570000
-8.080000 71.650002 0.000000 -6.810000 63.369999 22.750000 -2.770000 60.650002 22.750000 -3.040000 61.759998 22.750000
-5.600000 68.580002 0.000000 -6.650000 64.470001 21.290001 -2.970000 62.529999 21.290001 -3.070000 63.259998 21.290001
-2.070000 63.740002 0.000000 -5.270000 63.840000 21.540001 -1.660000 62.090000 21.540001 -1.720000 62.709999 21.540001
1.830000 68.449997 0.000000 -3.640000 60.169998 20.340000 0.210000 59.639999 20.340000 0.050000 59.689999 20.340000
-6.380000 55.529999 0.000000 -5.180000 57.740002 20.209999 -1.980000 57.029999 20.209999 -1.840000 57.139999 20.209999
-3.020000 46.070000 0.000000 -5.140000 50.500000 18.370001 -2.110000 49.320000 18.370001 -1.880000 49.619999 18.370001
-5.610000 42.310001 0.000000 -1.010000 32.939999 17.330000 1.040000 33.029999 17.330000 1.710000 32.740002 17.330000
2.980000 45.599998 0.000000 3.940000 9.990000 17.320000 5.550000 14.590000 17.320000 6.410000 12.250000 17.320000
19.900000 19.750000 0.000000 2.600000 0.720000 18.059999 6.090000 7.440000 18.059999 6.110000 4.140000 18.059999
2.200000 -1.100000 0.000000 0.990000 -1.400000 18.100000 4.180000 4.900000 18.100000 4.340000 1.790000 18.100000
-1.890000 -1.680000 0.000000 0.500000 -0.170000 18.090000 2.960000 5.510000 18.090000 3.450000 2.700000 18.090000
5.050000 -2.530000 0.000000 -0.580000 0.230000 18.770000 2.220000 5.140000 18.770000 2.550000 2.700000 18.770000
1.210000 -0.970000 0.000000 0.040000 0.280000 18.910000 2.600000 4.660000 18.910000 3.030000 2.490000 18.910000
8.720000 -0.380000 0.000000 11.890000 -1.780000 19.530001 13.750000 2.410000 19.530001 14.480000 0.370000 19.530001
86.510002 14.040000 0.000000 49.419998 -7.770000 23.129999 55.939999 -1.180000 23.129999 54.509998 -4.250000 23.129999
48.060001 -6.900000 0.000000 65.959999 -5.320000 17.530001 69.629997 0.540000 17.530001 69.470001 -2.160000 17.530001
73.300003 -44.500000 0.000000 72.250000 -8.130000 12.470000 75.620003 -7.400000 12.470000 75.599998 -7.730000 12.470000
78.050003 -72.820000 0.000000 72.830002 -13.340000 9.980000 76.400002 -20.330000 9.980000 76.309998 -17.150000 9.980000
59.860001 -35.480000 0.000000 60.590000 -13.330000 12.280000 63.509998 -22.700001 12.280000 63.750000 -18.420000 12.280000
53.049999 -12.430000 0.000000 46.169998 -11.500000 15.670000 49.450001 -20.360001 15.670000 49.549999 -16.299999 15.670000
6.630000 -12.920000 0.000000 36.000000 -9.270000 13.700000 35.040001 -17.950001 13.700000 37.080002 -13.980000 13.700000
49.410000 -14.600000 0.000000 -3.340000 -2.370000 15.870000 2.040000 -11.930000 15.870000 1.260000 -7.590000 15.870000
2.410000 -2.410000 0.000000 -16.950001 1.590000 6.800000 -9.740000 -7.740000 6.800000 -11.340000 -3.540000 6.800000
-7.790000 -1.080000 0.000000 -16.790001 3.890000 5.760000 -9.120000 -5.310000 5.760000 -10.940000 -1.230000 5.760000
-9.850000 0.200000 0.000000 -16.770000 6.190000 6.280000 -8.960000 -2.990000 6.280000 -10.850000 1.020000 6.280000
-10.720000 1.090000 0.000000 -16.680000 5.860000 3.670000 -8.880000 -3.140000 3.670000 -10.750000 0.720000 3.670000
10.460000 0.190000 0.000000 -13.080000 3.410000 -3.020000 -3.030000 -5.210000 -3.020000 -5.910000 -1.610000 -3.020000
20.549999 1.530000 0.000000 -8.480000 3.420000 -13.680000 4.330000 -4.650000 -13.680000 0.220000 -1.380000 -13.680000
14.500000 12.680000 0.000000 -9.660000 2.830000 -25.540001 5.040000 -3.220000 -25.540001 0.130000 -0.940000 -25.540001
10.850000 10.010000 0.000000 -6.060000 2.490000 -37.980000 9.470000 -1.960000 -37.980000 4.230000 -0.490000 -37.980000
4.870000 11.470000 0.000000 -3.520000 -1.140000 -48.509998 11.650000 -3.480000 -48.509998 6.650000 -3.040000 -48.509998
1.680000 5.600000 0.000000 -1.310000 -5.520000 -58.080002 12.810000 -6.080000 -58.080002 8.360000 -6.520000 -58.080002
9.200000 7.150000 0.000000 5.190000 -7.070000 -69.489998 18.450001 -5.590000 -69.489998 14.470000 -7.010000 -69.489998
11.050000 -9.110000 0.000000 8.960000 -8.250000 -77.980003 21.139999 -6.800000 -77.980003 17.750000 -8.250000 -77.980003
-12.400000 -8.490000 0.000000 9.190000 -8.020000 -86.089996 17.309999 -6.560000 -86.089996 15.850000 -8.050000 -86.089996
-7.290000 -9.950000 0.000000 7.820000 -7.430000 -89.830002 12.980000 -6.240000 -89.830002 12.950000 -7.640000 -89.830002
2.590000 -9.530000 0.000000 7.330000 -5.930000 -90.199997 11.080000 -5.130000 -90.199997 11.780000 -6.370000 -90.199997
9.650000 -9.360000 0.000000 6.890000 -5.960000 -89.120003 10.290000 -5.520000 -89.120003 11.220000 -6.610000 -89.120003
6.890000 -11.780000 0.000000 6.500000 -6.870000 -88.589996 9.280000 -6.970000 -88.589996 10.550000 -7.820000 -88.589996
5.640000 -14.420000 0.000000 6.020000 -8.710000 -87.230003 8.160000 -9.420000 -87.230003 9.760000 -9.990000 -87.230003
15.240000 -19.200001 0.000000 6.520000 -8.610000 -83.809998 9.230000 -10.500000 -83.809998 10.610000 -10.540000 -83.809998
4.180000 -10.320000 0.000000 6.990000 -7.860000 -80.230003 8.790000 -9.830000 -80.230003 10.600000 -9.830000 -80.230003
1.080000 -7.770000 0.000000 7.390000 -7.130000 -76.449997 7.900000 -8.930000 -76.449997 10.300000 -9.010000 -76.449997
-3.130000 -3.860000 0.000000 7.140000 -6.410000 -69.879997 5.970000 -7.650000 -69.879997 9.120000 -7.980000 -69.879997
-15.380000 14.210000 0.000000 5.700000 -7.360000 -52.849998 1.610000 -5.660000 -52.849998 6.070000 -7.300000 -52.849998
16.459999 15.420000 0.000000 2.990000 -5.880000 -31.610001 0.600000 -1.500000 -31.610001 4.270000 -4.330000 -31.610001
19.030001 14.360000 0.000000 1.320000 -6.130000 -15.950000 1.100000 0.620000 -15.950000 3.750000 -3.260000 -15.950000
20.160000 7.590000 0.000000 1.440000 -9.710000 -4.400000 3.390000 -1.200000 -4.400000 5.010000 -5.840000 -4.400000
27.170000 -2.650000 0.000000 2.330000 -13.550000 0.560000 7.090000 -4.250000 0.560000 7.390000 -9.190000 0.560000
12.750000 -1.410000 0.000000 1.470000 -13.520000 2.350000 7.100000 -3.360000 2.350000 6.970000 -8.620000 2.350000
13.020000 -3.370000 0.000000 -0.030000 -12.240000 4.580000 6.620000 -1.700000 4.580000 5.990000 -7.050000 4.580000
9.300000 -3.710000 0.000000 -0.580000 -12.280000 5.130000 6.630000 -1.490000 5.130000 5.710000 -6.860000 5.130000
5.120000 -3.800000 0.000000 -0.580000 -11.360000 5.800000 6.590000 -0.470000 5.800000 5.670000 -5.790000 5.800000
7.340000 -3.280000 0.000000 -2.160000 -11.410000 6.780000 5.450000 -0.410000 6.780000 4.310000 -5.660000 6.780000
1.960000 -3.680000 0.000000 -2.530000 -12.330000 6.300000 4.840000 -1.180000 6.300000 3.800000 -6.380000 6.300000
1.710000 -1.460000 0.000000 -3.430000 -11.980000 6.500000 3.790000 -0.480000 6.500000 2.810000 -5.710000 6.500000
0.700000 -0.940000 0.000000 -4.150000 -11.600000 6.710000 2.890000 0.210000 6.710000 2.000000 -5.020000 6.710000
0.920000 -1.600000 0.000000 -4.420000 -11.550000 7.210000 2.510000 0.430000 7.210000 1.670000 -4.740000 7.210000
0.460000 -1.850000 0.000000 -4.560000 -11.140000 7.530000 2.220000 0.900000 7.530000 1.460000 -4.150000 7.530000
1.800000 -1.800000 0.000000 -4.640000 -10.870000 7.730000 2.180000 1.170000 7.730000 1.410000 -3.730000 7.730000
0.000000 -1.620000 0.000000 -4.860000 -10.560000 7.880000 1.790000 1.430000 7.880000 1.110000 -3.300000 7.880000
0.460000 -1.840000 0.000000 -5.040000 -10.180000 7.870000 1.530000 1.680000 7.870000 0.890000 -2.840000 7.870000
1.520000 0.000000 0.000000 -5.110000 -9.810000 8.000000 1.520000 2.090000 8.000000 0.870000 -2.300000 8.000000
1.020000 0.200000 0.000000 -5.360000 -10.440000 7.900000 1.290000 1.580000 7.900000 0.640000 -2.710000 7.900000
1.880000 -1.540000 0.000000 -6.540000 -13.240000 7.620000 0.380000 -1.000000 7.620000 -0.370000 -5.240000 7.620000
1.280000 1.020000 0.000000 -9.630000 -26.830000 7.630000 -2.150000 -12.390000 7.630000 -3.130000 -17.469999 7.630000
-7.470000 -3.470000 0.000000 -9.990000 -49.040001 6.370000 -3.060000 -30.350000 6.370000 -3.780000 -37.180000 6.370000
-9.980000 -43.630001 0.000000 -8.680000 -71.550003 4.150000 -2.730000 -51.189999 4.150000 -2.990000 -58.610001 4.150000
-7.990000 -102.150002 0.000000 -8.170000 -89.269997 4.630000 -2.950000 -72.550003 4.630000 -2.860000 -78.180000 4.630000
-1.950000 -109.459999 0.000000 -8.570000 -97.629997 4.860000 -3.210000 -84.150002 4.860000 -3.170000 -88.150002 4.860000
-2.990000 -99.010002 0.000000 -8.940000 -98.769997 5.580000 -3.530000 -86.820000 5.580000 -3.500000 -89.970001 5.580000
-5.580000 -91.339996 0.000000 -9.690000 -98.379997 5.170000 -4.480000 -86.930000 5.170000 -4.350000 -89.699997 5.170000
-2.110000 -90.470001 0.000000 -9.440000 -100.279999 5.820000 -3.990000 -88.970001 5.820000 -3.960000 -91.529999 5.820000
-2.220000 -93.559998 0.000000 -9.450000 -102.089996 6.260000 -3.790000 -91.070000 6.260000 -3.850000 -93.360001 6.260000
1.910000 -95.519997 0.000000 -9.070000 -102.540001 7.320000 -2.740000 -91.970001 7.320000 -3.090000 -93.930000 7.320000
0.640000 -93.400002 0.000000 -9.530000 -102.709999 6.980000 -2.690000 -92.279999 6.980000 -3.260000 -94.050003 6.980000
0.880000 -92.849998 0.000000 -10.090000 -103.050003 6.720000 -2.660000 -92.639999 6.720000 -3.490000 -94.290001 6.720000
-3.100000 -96.000000 0.000000 -10.140000 -102.370003 6.010000 -2.680000 -92.449997 6.010000 -3.510000 -93.769997 6.010000
-2.150000 -97.980003 0.000000 -11.070000 -100.470001 5.580000 -3.350000 -91.500000 5.580000 -4.280000 -92.300003 5.580000
-5.670000 -100.059998 0.000000 -11.880000 -97.010002 4.850000 -4.260000 -89.620003 4.850000 -5.130000 -89.610001 4.850000
-5.110000 -100.300003 0.000000 -11.610000 -89.290001 5.800000 -4.050000 -84.360001 5.800000 -4.870000 -83.169998 5.800000
-14.750000 -86.870003 0.000000 -12.280000 -76.339996 7.870000 -5.940000 -73.599998 7.870000 -6.200000 -71.360001 7.870000
-5.410000 -53.669998 0.000000 -14.160000 -62.009998 9.960000 -7.520000 -58.880001 9.960000 -7.890000 -56.770000 9.960000
2.230000 -33.000000 0.000000 -18.240000 -47.320000 10.250000 -9.850000 -43.049999 10.250000 -10.990000 -41.410000 10.250000
2.180000 -14.850000 0.000000 -22.000000 -32.470001 9.440000 -11.500000 -26.709999 9.440000 -13.570000 -25.719999 9.440000
-0.850000 -8.070000 0.000000 -24.049999 -19.080000 6.380000 -11.720000 -12.770000 6.380000 -14.590000 -12.000000 6.380000
-2.930000 -2.100000 0.000000 -22.530001 -11.200000 5.330000 -8.960000 -4.640000 5.330000 -12.350000 -3.970000 5.330000
-12.830000 5.960000 0.000000 -23.940001 -5.080000 4.510000 -10.340000 1.970000 4.510000 -13.700000 2.430000 4.510000
-3.230000 4.950000 0.000000 -23.870001 -4.080000 4.280000 -9.040000 3.150000 4.280000 -12.900000 3.540000 4.280000
-6.000000 5.570000 0.000000 -23.059999 -4.490000 3.960000 -7.560000 3.040000 3.960000 -11.670000 3.300000 3.960000
-4.970000 7.270000 0.000000 -23.309999 -3.660000 3.740000 -7.050000 4.260000 3.740000 -11.430000 4.350000 3.740000
-8.460000 6.620000 0.000000 -23.610001 -3.350000 3.700000 -7.090000 4.820000 3.700000 -11.500000 4.800000 3.700000
-5.290000 7.010000 0.000000 -23.219999 -3.500000 3.880000 -6.120000 4.960000 3.880000 -10.710000 4.810000 3.880000
-3.290000 6.130000 0.000000 -22.719999 -3.830000 4.090000 -4.920000 4.830000 4.090000 -9.720000 4.600000 4.090000
-7.280000 6.860000 0.000000 -22.719999 -2.920000 4.350000 -4.800000 5.910000 4.350000 -9.550000 5.600000 4.350000
-4.210000 5.920000 0.000000 -22.879999 -2.010000 4.800000 -4.470000 6.740000 4.800000 -9.320000 6.480000 4.800000
-3.980000 6.570000 0.000000 -22.549999 -2.790000 4.670000 -3.720000 6.060000 4.670000 -8.650000 5.760000 4.670000
-7.190000 7.240000 0.000000 -22.469999 -2.230000 4.480000 -3.690000 6.720000 4.480000 -8.460000 6.380000 4.480000
-5.490000 8.520000 0.000000 -22.250000 -0.920000 4.480000 -3.360000 8.140000 4.480000 -8.050000 7.750000 4.480000
-4.800000 9.890000 0.000000 -22.370001 0.490000 4.550000 -3.290000 9.630000 4.550000 -7.940000 9.210000 4.550000
-4.700000 10.610000 0.000000 -22.600000 1.070000 4.700000 -3.330000 10.300000 4.700000 -7.930000 9.860000 4.700000
-5.790000 11.220000 0.000000 -22.920000 1.530000 4.840000 -3.590000 10.860000 4.840000 -8.070000 10.380000 4.840000
-6.340000 11.220000 0.000000 -23.150000 1.890000 4.980000 -3.830000 11.260000 4.980000 -8.170000 10.770000 4.980000
-6.270000 11.490000 0.000000 -23.219999 2.050000 5.010000 -3.910000 11.470000 5.010000 -8.100000 10.970000 5.010000
-4.850000 11.260000 0.000000 -22.990000 1.900000 4.960000 -3.550000 11.350000 4.960000 -7.650000 10.850000 4.960000
-6.650000 12.300000 0.000000 -23.200001 3.010000 5.130000 -3.870000 12.500000 5.130000 -7.790000 11.990000 5.130000
-5.090000 14.960000 0.000000 -22.980000 4.530000 4.770000 -3.580000 14.180000 4.770000 -7.390000 13.610000 4.770000
-6.060000 23.520000 0.000000 -23.080000 11.490000 4.250000 -3.760000 21.510000 4.250000 -7.390000 20.799999 4.250000
1.970000 38.220001 0.000000 -20.990000 20.610001 3.120000 -0.970000 31.690001 3.120000 -4.780000 30.510000 3.120000
-3.340000 43.230000 0.000000 -19.440001 33.299999 1.890000 0.320000 44.389999 1.890000 -3.240000 43.230000 1.890000
-1.450000 49.529999 0.000000 -21.049999 44.509998 2.190000 -1.100000 54.970001 2.190000 -4.610000 54.110001 2.190000
-1.350000 51.430000 0.000000 -21.030001 52.080002 1.780000 -0.920000 61.209999 1.780000 -4.370000 60.980000 1.780000
-7.020000 58.790001 0.000000 -22.610001 53.950001 0.920000 -2.880000 62.529999 0.920000 -6.020000 62.570000 0.920000
1.460000 58.959999 0.000000 -23.190001 51.950001 1.280000 -2.670000 60.279999 1.280000 -6.040000 60.459999 1.280000
7.070000 49.560001 0.000000 -21.379999 42.840000 -1.160000 0.360000 50.880001 -1.160000 -3.440000 51.209999 -1.160000
-5.510000 49.349998 0.000000 -20.059999 25.490000 -4.660000 1.030000 35.419998 -4.660000 -2.350000 34.910000 -4.660000
10.420000 52.470001 0.000000 -18.070000 3.530000 -3.990000 4.180000 18.379999 -3.990000 0.400000 15.670000 -3.990000
52.259998 86.629997 0.000000 -18.620001 -5.980000 -3.760000 10.070000 19.020000 -3.760000 3.510000 11.770000 -3.760000
7.330000 3.040000 0.000000 -20.850000 -6.110000 -2.860000 8.350000 17.719999 -2.860000 1.710000 11.040000 -2.860000
1.400000 1.580000 0.000000 -22.129999 -9.930000 -2.530000 6.910000 13.050000 -2.530000 0.490000 6.820000 -2.530000
-0.970000 -5.490000 0.000000 -22.690001 -12.360000 -2.480000 5.950000 9.200000 -2.480000 -0.130000 3.700000 -2.480000
5.490000 -3.940000 0.000000 -23.770000 -10.590000 -1.970000 5.420000 9.600000 -1.970000 -0.750000 4.810000 -1.970000
0.570000 2.290000 0.000000 -24.959999 -8.910000 -1.810000 4.240000 10.550000 -1.810000 -1.760000 6.200000 -1.810000
2.110000 4.890000 0.000000 -24.790001 -14.760000 -4.130000 4.560000 5.050000 -4.130000 -1.340000 0.650000 -4.130000
-13.220000 15.480000 0.000000 -17.990000 -40.889999 -7.910000 8.710000 -16.180000 -7.910000 4.170000 -22.660000 -7.910000
14.030000 -51.869999 0.000000 -13.300000 -59.770000 -10.380000 13.770000 -36.660000 -10.380000 9.240000 -42.290001 -10.380000
12.240000 -54.549999 0.000000 -6.830000 -74.279999 -13.570000 19.520000 -51.169998 -13.570000 15.470000 -56.680000 -13.570000
-8.370000 -73.540001 0.000000 -4.270000 -93.570000 -15.530000 18.420000 -70.470001 -15.530000 16.190001 -75.830002 -15.530000
11.360000 -109.379997 0.000000 -6.080000 -108.190002 -16.180000 15.920000 -87.800003 -16.180000 14.160000 -91.800003 -16.180000
-0.200000 -119.019997 0.000000 -9.830000 -114.959999 -17.690001 10.530000 -97.440002 -17.690001 9.670000 -100.019997 -17.690001
10.080000 -112.690002 0.000000 -10.490000 -112.989998 -18.520000 9.760000 -97.570000 -18.520000 9.080000 -99.070000 -18.520000
5.460000 -102.239998 0.000000 -12.020000 -110.129997 -19.900000 7.740000 -95.690002 -19.900000 7.400000 -96.629997 -19.900000
4.110000 -99.980003 0.000000 -10.980000 -107.160004 -20.400000 8.040000 -93.709999 -20.400000 8.130000 -94.089996 -20.400000
1.300000 -96.099998 0.000000 -11.880000 -103.199997 -20.930000 6.220000 -90.669998 -20.930000 6.820000 -90.540001 -20.930000
0.610000 -90.610001 0.000000 -14.200000 -99.360001 -21.680000 3.250000 -87.470001 -21.680000 4.220000 -86.970001 -21.680000
3.580000 -89.580002 0.000000 -15.790000 -96.889999 -22.510000 1.660000 -85.779999 -22.510000 2.690000 -84.849998 -22.510000
3.680000 -86.529999 0.000000 -15.660000 -94.519997 -24.309999 1.810000 -84.029999 -24.309999 2.890000 -82.760002 -24.309999
-3.510000 -81.620003 0.000000 -15.360000 -92.330002 -25.530001 1.190000 -82.050003 -25.530001 2.720000 -80.639999 -25.530001
0.220000 -82.379997 0.000000 -15.460000 -91.370003 -24.860001 0.730000 -81.489998 -24.860001 2.440000 -79.870003 -24.860001
0.000000 -83.760002 0.000000 -15.790000 -90.680000 -24.150000 0.110000 -81.430000 -24.150000 1.970000 -79.500000 -24.150000
3.680000 -79.699997 0.000000 -16.280001 -88.989998 -24.719999 -0.110000 -79.989998 -24.719999 1.630000 -77.930000 -24.719999
-6.380000 -76.430000 0.000000 -19.150000 -86.940002 -25.760000 -3.650000 -78.010002 -25.760000 -1.600000 -75.910004 -25.760000
-2.750000 -76.800003 0.000000 -18.980000 -86.309998 -25.590000 -3.630000 -77.559998 -25.590000 -1.530000 -75.400002 -25.590000
-4.140000 -77.699997 0.000000 -17.299999 -85.790001 -24.850000 -2.450000 -77.370003 -24.850000 -0.140000 -75.070000 -24.850000
-3.220000 -71.430000 0.000000 -15.790000 -84.650002 -23.940001 -1.460000 -75.860001 -23.940001 1.050000 -73.750000 -23.940001
3.960000 -71.760002 0.000000 -14.980000 -84.910004 -23.080000 -0.320000 -75.790001 -23.080000 2.010000 -73.849998 -23.080000
3.470000 -78.180000 0.000000 -14.210000 -85.680000 -22.610001 0.620000 -76.949997 -22.610001 2.830000 -74.870003 -22.610001
0.440000 -80.209999 0.000000 -14.070000 -85.959999 -22.530001 0.510000 -77.800003 -22.530001 2.790000 -75.510002 -22.530001
1.090000 -79.290001 0.000000 -14.650000 -85.970001 -22.530001 -0.120000 -78.209999 -22.530001 2.130000 -75.779999 -22.530001
2.450000 -79.699997 0.000000 -14.410000 -86.699997 -22.580000 0.220000 -79.269997 -22.580000 2.380000 -76.739998 -22.580000
2.420000 -78.470001 0.000000 -13.090000 -87.430000 -22.570000 1.490000 -80.029999 -22.570000 3.610000 -77.540001 -22.570000
2.580000 -75.860001 0.000000 -11.920000 -87.269997 -22.360001 2.490000 -79.570000 -22.360001 4.630000 -77.269997 -22.360001
0.000000 -81.870003 0.000000 -10.850000 -88.349998 -21.719999 2.950000 -80.989998 -21.719999 5.310000 -78.599998 -21.719999
-8.390000 -84.139999 0.000000 -4.490000 -90.019997 -19.240000 6.900000 -83.050003 -19.240000 10.280000 -80.540001 -19.240000
9.600000 -78.470001 0.000000 8.050000 -93.239998 -15.170000 17.959999 -85.489998 -15.170000 21.920000 -83.400002 -15.170000
19.629999 -98.870003 0.000000 27.260000 -96.349998 -10.120000 34.669998 -90.059998 -10.120000 39.660000 -87.389999 -10.120000
17.320000 -102.699997 0.000000 35.349998 -98.820000 -9.620000 39.070000 -94.050003 -9.620000 45.639999 -90.760002 -9.620000
18.420000 -109.220001 0.000000 38.520000 -100.459999 -10.140000 38.560001 -97.699997 -10.140000 46.689999 -93.580002 -10.140000
25.270000 -103.879997 0.000000 37.660000 -100.089996 -9.050000 35.270000 -98.529999 -9.050000 44.389999 -93.959999 -9.050000
10.770000 -100.239998 0.000000 17.250000 -96.430000 -9.970000 13.290000 -95.949997 -9.970000 23.010000 -90.980003 -9.970000
-3.080000 -92.309998 0.000000 -8.910000 -88.230003 -14.520000 -12.710000 -88.750000 -14.520000 -3.200000 -83.430000 -14.520000
1.030000 -66.190002 0.000000 -19.420000 -75.480003 -15.950000 -21.049999 -75.190002 -15.950000 -12.700000 -70.349998 -15.950000
5.360000 -47.110001 0.000000 -23.639999 -68.070000 -16.070000 -22.059999 -65.519997 -16.070000 -15.370000 -61.810001 -16.070000
-8.440000 -70.269997 0.000000 -36.320000 -63.459999 -18.410000 -31.930000 -62.349998 -18.410000 -26.709999 -58.110001 -18.410000
-28.930000 -50.259998 0.000000 -54.549999 -54.400002 -23.400000 -47.840000 -53.200001 -23.400000 -43.860001 -49.119999 -23.400000
-40.980000 -32.200001 0.000000 -65.400002 -47.060001 -31.270000 -56.619999 -44.389999 -31.270000 -53.770000 -41.090000 -31.270000
-57.619999 -35.279999 0.000000 -74.360001 -44.709999 -36.590000 -64.629997 -41.369999 -36.590000 -62.389999 -38.490002 -36.590000
-63.299999 -48.689999 0.000000 -81.510002 -43.360001 -38.860001 -70.680000 -41.279999 -38.860001 -69.120003 -37.950001 -38.860001
-65.769997 -52.130001 0.000000 -83.779999 -40.099998 -41.480000 -71.940002 -40.020000 -41.480000 -71.000000 -35.900002 -41.480000
-67.129997 -62.180000 0.000000 -69.690002 -38.349998 -43.279999 -58.779999 -41.610001 -43.279999 -57.599998 -36.110001 -43.279999
-60.790001 -22.620001 0.000000 -56.000000 -32.709999 -44.299999 -46.910000 -34.720001 -44.299999 -45.060001 -29.910000 -44.299999
-32.430000 5.340000 0.000000 -47.810001 -21.950001 -44.650002 -37.880001 -20.570000 -44.650002 -36.540001 -17.410000 -44.650002
-26.020000 2.350000 0.000000 -34.810001 -15.810000 -43.220001 -24.900000 -12.450000 -43.220001 -23.680000 -10.320000 -43.220001
2.720000 -3.000000 0.000000 -29.980000 -11.430000 -39.560001 -17.110001 -7.460000 -39.560001 -17.330000 -5.720000 -39.560001
-9.220000 6.400000 0.000000 -25.910000 -9.390000 -40.320000 -12.350000 -3.930000 -40.320000 -12.970000 -2.970000 -40.320000
-19.219999 13.230000 0.000000 -24.500000 -5.980000 -41.700001 -11.790000 1.300000 -41.700001 -12.100000 1.340000 -41.700001
-6.340000 13.590000 0.000000 -23.580000 -3.870000 -39.480000 -10.130000 4.880000 -39.480000 -10.830000 4.170000 -39.480000
-24.590000 25.100000 0.000000 -21.660000 -2.760000 -38.590000 -10.120000 8.640000 -38.590000 -10.010000 6.670000 -38.590000
-12.010000 17.980000 0.000000 -21.150000 -12.750000 -38.720001 -9.860000 1.430000 -38.720001 -9.680000 -1.850000 -38.720001
31.740000 8.300000 0.000000 -16.590000 -16.520000 -33.849998 -0.500000 -0.510000 -33.849998 -2.520000 -4.650000 -33.849998
14.200000 4.990000 0.000000 -16.620001 -16.540001 -33.060001 1.650000 0.710000 -33.060001 -1.380000 -4.000000 -33.060001
5.420000 -0.230000 0.000000 -16.650000 -16.559999 -33.500000 2.500000 1.160000 -33.500000 -0.930000 -3.750000 -33.500000
5.870000 -0.450000 0.000000 -16.660000 -16.559999 -34.099998 3.340000 1.530000 -34.099998 -0.470000 -3.520000 -34.099998
-7.620000 -1.580000 0.000000 -16.670000 -16.590000 -34.169998 2.370000 1.670000 -34.169998 -0.970000 -3.410000 -34.169998
0.450000 1.580000 0.000000 -16.680000 -16.629999 -31.780001 2.470000 2.150000 -31.780001 -0.890000 -3.100000 -31.780001
4.330000 1.830000 0.000000 -16.700001 -16.650000 -30.000000 3.040000 2.620000 -30.000000 -0.540000 -2.770000 -30.000000
1.140000 0.230000 0.000000 -16.719999 -16.680000 -29.500000 3.130000 2.810000 -29.500000 -0.440000 -2.600000 -29.500000
-1.600000 0.910000 0.000000 -16.709999 -16.680000 -29.000000 2.870000 3.070000 -29.000000 -0.510000 -2.350000 -29.000000
-21.209999 3.860000 0.000000 -16.730000 -16.670000 -23.959999 0.090000 3.660000 -23.959999 -1.980000 -1.910000 -23.959999
21.740000 -2.660000 0.000000 -17.639999 -16.540001 -12.100000 2.180000 3.460000 -12.100000 -1.170000 -1.830000 -12.100000
25.600000 -2.560000 0.000000 -17.910000 -16.430000 -8.200000 5.220000 3.230000 -8.200000 0.460000 -1.790000 -8.200000
0.910000 -1.370000 0.000000 -17.809999 -16.459999 -8.240000 5.200000 3.010000 -8.240000 0.580000 -1.780000 -8.240000
13.920000 -3.180000 0.000000 -16.370001 -16.610001 -10.690000 8.000000 2.450000 -10.690000 2.850000 -2.020000 -10.690000
26.129999 4.690000 0.000000 -14.800000 -16.540001 -24.129999 12.150000 3.110000 -24.129999 5.950000 -1.480000 -24.129999
-14.750000 7.910000 0.000000 -14.680000 -16.510000 -37.410000 9.400000 4.080000 -37.410000 4.610000 -0.800000 -37.410000
-3.180000 2.050000 0.000000 -14.750000 -16.450001 -45.020000 8.120000 4.220000 -45.020000 4.000000 -0.550000 -45.020000
2.040000 0.450000 0.000000 -14.830000 -16.430000 -50.180000 7.570000 4.100000 -50.180000 3.790000 -0.460000 -50.180000
-2.730000 0.000000 0.000000 -14.860000 -16.440001 -50.919998 6.470000 3.890000 -50.919998 3.300000 -0.430000 -50.919998
1.590000 -0.450000 0.000000 -14.880000 -16.420000 -50.990002 6.020000 3.630000 -50.990002 3.170000 -0.420000 -50.990002
0.450000 0.000000 0.000000 -14.890000 -16.440001 -51.000000 5.440000 3.400000 -51.000000 2.960000 -0.410000 -51.000000
1.580000 -0.450000 0.000000 -14.910000 -16.440001 -50.939999 5.040000 3.140000 -50.939999 2.860000 -0.410000 -50.939999
1.830000 -0.680000 0.000000 -14.930000 -16.430000 -50.950001 4.690000 2.850000 -50.950001 2.760000 -0.420000 -50.950001
1.820000 -0.230000 0.000000 -14.970000 -16.440001 -50.820000 4.340000 2.620000 -50.820000 2.660000 -0.410000 -50.820000
1.140000 -0.460000 0.000000 -15.020000 -16.450001 -50.369999 3.920000 2.360000 -50.369999 2.510000 -0.430000 -50.369999
-0.900000 0.450000 0.000000 -15.080000 -16.450001 -49.820000 3.260000 2.240000 -49.820000 2.210000 -0.370000 -49.820000
5.900000 -3.420000 0.000000 -15.020000 -16.469999 -48.770000 3.630000 1.610000 -48.770000 2.520000 -0.600000 -48.770000
1.590000 -0.230000 0.000000 -15.040000 -16.469999 -48.700001 3.350000 1.440000 -48.700001 2.440000 -0.580000 -48.700001
1.820000 -0.680000 0.000000 -15.040000 -16.480000 -48.660000 3.140000 1.220000 -48.660000 2.400000 -0.590000 -48.660000
-3.600000 -0.230000 0.000000 -15.050000 -16.480000 -48.330002 2.240000 1.080000 -48.330002 1.970000 -0.560000 -48.330002
4.290000 0.000000 0.000000 -15.130000 -16.469999 -47.000000 2.360000 0.980000 -47.000000 2.060000 -0.520000 -47.000000
-0.910000 0.230000 0.000000 -15.250000 -16.490000 -45.900002 1.780000 0.890000 -45.900002 1.740000 -0.480000 -45.900002
0.230000 -1.830000 0.000000 -15.480000 -16.500000 -44.070000 1.300000 0.560000 -44.070000 1.420000 -0.580000 -44.070000
0.700000 -1.640000 0.000000 -15.580000 -16.469999 -40.889999 1.050000 0.300000 -40.889999 1.270000 -0.630000 -40.889999
2.000000 2.900000 0.000000 -15.780000 -16.459999 -39.000000 0.900000 0.620000 -39.000000 1.140000 -0.380000 -39.000000
2.700000 -0.680000 0.000000 -16.020000 -16.420000 -38.259998 0.840000 0.500000 -38.259998 1.030000 -0.350000 -38.259998
0.920000 0.000000 0.000000 -15.870000 -16.450001 -37.820000 0.910000 0.400000 -37.820000 1.160000 -0.360000 -37.820000
1.130000 -0.450000 0.000000 -15.740000 -16.469999 -37.740002 0.990000 0.260000 -37.740002 1.270000 -0.380000 -37.740002
0.910000 -0.460000 0.000000 -15.730000 -16.480000 -37.720001 0.920000 0.150000 -37.720001 1.260000 -0.400000 -37.720001
0.000000 -0.680000 0.000000 -15.780000 -16.480000 -37.700001 0.690000 0.020000 -37.700001 1.120000 -0.420000 -37.700001
0.230000 0.000000 0.000000 -15.680000 -16.480000 -36.840000 0.650000 -0.020000 -36.840000 1.150000 -0.400000 -36.840000
4.800000 -0.230000 0.000000 -15.710000 -16.480000 -35.840000 1.080000 -0.070000 -35.840000 1.380000 -0.380000 -35.840000
1.810000 -0.230000 0.000000 -15.540000 -16.469999 -35.669998 1.280000 -0.110000 -35.669998 1.570000 -0.360000 -35.669998
2.050000 -0.450000 0.000000 -15.610000 -16.500000 -36.119999 1.270000 -0.200000 -36.119999 1.540000 -0.390000 -36.119999
1.340000 -0.900000 0.000000 -15.630000 -16.510000 -36.980000 1.230000 -0.330000 -36.980000 1.510000 -0.440000 -36.980000
2.030000 -0.230000 0.000000 -15.590000 -16.510000 -36.900002 1.330000 -0.350000 -36.900002 1.590000 -0.420000 -36.900002
-1.620000 2.090000 0.000000 -15.440000 -16.520000 -37.410000 1.050000 -0.090000 -37.410000 1.490000 -0.260000 -37.410000
1.360000 -0.230000 0.000000 -15.450000 -16.520000 -37.430000 1.040000 -0.120000 -37.430000 1.480000 -0.250000 -37.430000
1.360000 -0.450000 0.000000 -15.450000 -16.520000 -37.360001 1.030000 -0.180000 -37.360001 1.470000 -0.270000 -37.360001
1.820000 -0.230000 0.000000 -15.470000 -16.510000 -37.290001 1.070000 -0.200000 -37.290001 1.480000 -0.260000 -37.290001
2.040000 -0.450000 0.000000 -15.480000 -16.520000 -37.230000 1.140000 -0.260000 -37.230000 1.500000 -0.280000 -37.230000
1.820000 -0.450000 0.000000 -15.480000 -16.520000 -37.160000 1.200000 -0.300000 -37.160000 1.530000 -0.290000 -37.160000
1.810000 -0.230000 0.000000 -15.480000 -16.520000 -37.060001 1.250000 -0.320000 -37.060001 1.550000 -0.280000 -37.060001
1.580000 -0.450000 0.000000 -15.490000 -16.520000 -36.970001 1.260000 -0.360000 -36.970001 1.540000 -0.300000 -36.970001
1.590000 -0.450000 0.000000 -15.490000 -16.540001 -36.930000 1.280000 -0.420000 -36.930000 1.540000 -0.330000 -36.930000
1.580000 -0.230000 0.000000 -15.500000 -16.540001 -36.869999 1.300000 -0.410000 -36.869999 1.540000 -0.320000 -36.869999
1.370000 -0.680000 0.000000 -15.520000 -16.549999 -36.820000 1.270000 -0.480000 -36.820000 1.510000 -0.360000 -36.820000
1.360000 -0.230000 0.000000 -15.530000 -16.570000 -36.730000 1.260000 -0.480000 -36.730000 1.490000 -0.360000 -36.730000
1.820000 -0.230000 0.000000 -15.540000 -16.580000 -36.680000 1.300000 -0.480000 -36.680000 1.500000 -0.360000 -36.680000
1.580000 -0.680000 0.000000 -15.550000 -16.590000 -36.610001 1.320000 -0.540000 -36.610001 1.490000 -0.400000 -36.610001
1.820000 -0.230000 0.000000 -15.570000 -16.590000 -36.529999 1.370000 -0.520000 -36.529999 1.510000 -0.380000 -36.529999
1.580000 -0.230000 0.000000 -15.580000 -16.600000 -36.480000 1.380000 -0.510000 -36.480000 1.500000 -0.380000 -36.480000
1.370000 -0.460000 0.000000 -15.580000 -16.600000 -36.430000 1.370000 -0.520000 -36.430000 1.490000 -0.390000 -36.430000
1.360000 -0.450000 0.000000 -15.580000 -16.590000 -36.340000 1.360000 -0.520000 -36.340000 1.480000 -0.390000 -36.340000
1.360000 -0.450000 0.000000 -15.570000 -16.620001 -36.290001 1.370000 -0.550000 -36.290001 1.480000 -0.420000 -36.290001
1.590000 -0.450000 0.000000 -15.580000 -16.620001 -36.209999 1.390000 -0.560000 -36.209999 1.480000 -0.420000 -36.209999
1.590000 -0.450000 0.000000 -15.600000 -16.639999 -36.130001 1.400000 -0.570000 -36.130001 1.470000 -0.440000 -36.130001
1.810000 -0.230000 0.000000 -15.600000 -16.629999 -36.060001 1.450000 -0.530000 -36.060001 1.490000 -0.420000 -36.060001
1.600000 -0.460000 0.000000 -15.600000 -16.639999 -36.020000 1.470000 -0.540000 -36.020000 1.500000 -0.430000 -36.020000
1.580000 -0.450000 0.000000 -15.620000 -16.660000 -35.930000 1.480000 -0.560000 -35.930000 1.490000 -0.450000 -35.930000
1.800000 -0.680000 0.000000 -15.630000 -16.670000 -35.869999 1.510000 -0.590000 -35.869999 1.500000 -0.480000 -35.869999
1.810000 -0.230000 0.000000 -15.640000 -16.690001 -35.799999 1.550000 -0.570000 -35.799999 1.510000 -0.480000 -35.799999
1.130000 -0.230000 0.000000 -15.650000 -16.670000 -35.720001 1.490000 -0.520000 -35.720001 1.470000 -0.440000 -35.720001
1.360000 -0.450000 0.000000 -15.670000 -16.670000 -35.650002 1.470000 -0.510000 -35.650002 1.450000 -0.440000 -35.650002
1.370000 -0.230000 0.000000 -15.660000 -16.680000 -35.599998 1.470000 -0.480000 -35.599998 1.450000 -0.430000 -35.599998
1.820000 -0.680000 0.000000 -15.660000 -16.690001 -35.520000 1.520000 -0.520000 -35.520000 1.480000 -0.460000 -35.520000
1.810000 -0.230000 0.000000 -15.650000 -16.690001 -35.450001 1.570000 -0.490000 -35.450001 1.510000 -0.450000 -35.450001
1.830000 -0.460000 0.000000 -15.640000 -16.709999 -35.400002 1.620000 -0.500000 -35.400002 1.540000 -0.460000 -35.400002
1.580000 -0.230000 0.000000 -15.630000 -16.690001 -35.330002 1.630000 -0.450000 -35.330002 1.550000 -0.420000 -35.330002
1.590000 -0.450000 0.000000 -15.650000 -16.700001 -35.259998 1.620000 -0.460000 -35.259998 1.540000 -0.440000 -35.259998
1.580000 -0.450000 0.000000 -15.650000 -16.680000 -35.209999 1.630000 -0.450000 -35.209999 1.540000 -0.430000 -35.209999
1.820000 -0.450000 0.000000 -15.680000 -16.690001 -35.139999 1.640000 -0.450000 -35.139999 1.540000 -0.430000 -35.139999
1.130000 -0.230000 0.000000 -15.680000 -16.690001 -35.099998 1.590000 -0.420000 -35.099998 1.510000 -0.420000 -35.099998
1.350000 -0.680000 0.000000 -15.680000 -16.700001 -35.009998 1.560000 -0.460000 -35.009998 1.500000 -0.440000 -35.009998
1.600000 -0.230000 0.000000 -15.680000 -16.700001 -34.939999 1.570000 -0.430000 -34.939999 1.500000 -0.440000 -34.939999
2.050000 -0.230000 0.000000 -15.680000 -16.700001 -34.869999 1.640000 -0.400000 -34.869999 1.540000 -0.410000 -34.869999
1.580000 -0.450000 0.000000 -15.680000 -16.709999 -34.790001 1.640000 -0.410000 -34.790001 1.540000 -0.430000 -34.790001
1.360000 -0.230000 0.000000 -15.680000 -16.719999 -34.740002 1.610000 -0.400000 -34.740002 1.530000 -0.420000 -34.740002
1.820000 -0.450000 0.000000 -15.680000 -16.719999 -34.680000 1.640000 -0.400000 -34.680000 1.550000 -0.430000 -34.680000
1.580000 -0.450000 0.000000 -15.680000 -16.719999 -34.599998 1.650000 -0.400000 -34.599998 1.560000 -0.430000 -34.599998
1.580000 -0.680000 0.000000 -15.670000 -16.709999 -34.529999 1.660000 -0.420000 -34.529999 1.560000 -0.440000 -34.529999
1.360000 -0.450000 0.000000 -15.670000 -16.709999 -34.470001 1.620000 -0.430000 -34.470001 1.550000 -0.440000 -34.470001
2.050000 -0.450000 0.000000 -15.690000 -16.719999 -34.389999 1.670000 -0.440000 -34.389999 1.570000 -0.450000 -34.389999
1.590000 -0.230000 0.000000 -15.690000 -16.730000 -34.310001 1.670000 -0.420000 -34.310001 1.570000 -0.440000 -34.310001
1.810000 -0.230000 0.000000 -15.700000 -16.740000 -34.250000 1.690000 -0.390000 -34.250000 1.580000 -0.430000 -34.250000
1.820000 -0.680000 0.000000 -15.710000 -16.709999 -34.180000 1.700000 -0.400000 -34.180000 1.580000 -0.430000 -34.180000
1.360000 -0.450000 0.000000 -15.730000 -16.719999 -34.099998 1.650000 -0.420000 -34.099998 1.550000 -0.440000 -34.099998
1.830000 -0.460000 0.000000 -15.760000 -16.730000 -34.040001 1.660000 -0.430000 -34.040001 1.540000 -0.450000 -34.040001
1.360000 -0.680000 0.000000 -15.760000 -16.740000 -33.980000 1.620000 -0.470000 -33.980000 1.530000 -0.480000 -33.980000
1.370000 -0.230000 0.000000 -15.770000 -16.750000 -33.919998 1.580000 -0.450000 -33.919998 1.500000 -0.470000 -33.919998
2.040000 -0.680000 0.000000 -15.780000 -16.750000 -33.849998 1.640000 -0.470000 -33.849998 1.540000 -0.480000 -33.849998
1.590000 -0.230000 0.000000 -15.770000 -17.100000 -33.810001 1.650000 -0.750000 -33.810001 1.550000 -0.790000 -33.810001
1.350000 -0.230000 0.000000 -15.770000 -17.120001 -33.720001 1.620000 -0.690000 -33.720001 1.540000 -0.760000 -33.720001
1.580000 -0.680000 0.000000 -15.770000 -17.110001 -33.680000 1.630000 -0.680000 -33.680000 1.540000 -0.750000 -33.680000
1.810000 -0.450000 0.000000 -15.780000 -17.110001 -33.599998 1.640000 -0.640000 -33.599998 1.550000 -0.730000 -33.599998
1.580000 -0.680000 0.000000 -15.780000 -17.120001 -33.540001 1.640000 -0.650000 -33.540001 1.550000 -0.740000 -33.540001
1.140000 -0.230000 0.000000 -15.800000 -17.129999 -33.470001 1.560000 -0.590000 -33.470001 1.500000 -0.710000 -33.470001
1.570000 -0.670000 0.000000 -15.800000 -17.120001 -33.380001 1.570000 -0.580000 -33.380001 1.510000 -0.700000 -33.380001
2.270000 0.000000 0.000000 -15.810000 -17.129999 -33.290001 1.650000 -0.510000 -33.290001 1.560000 -0.660000 -33.290001
1.580000 -0.450000 0.000000 -15.810000 -17.129999 -33.240002 1.650000 -0.480000 -33.240002 1.560000 -0.640000 -33.240002
1.600000 0.000000 0.000000 -15.810000 -17.120001 -33.169998 1.650000 -0.400000 -33.169998 1.560000 -0.590000 -33.169998
1.580000 -0.230000 0.000000 -15.810000 -17.120001 -33.090000 1.640000 -0.360000 -33.090000 1.550000 -0.560000 -33.090000
1.580000 -0.680000 0.000000 -15.840000 -17.129999 -33.009998 1.620000 -0.390000 -33.009998 1.540000 -0.580000 -33.009998
1.600000 -0.230000 0.000000 -15.830000 -17.129999 -32.950001 1.630000 -0.350000 -32.950001 1.540000 -0.560000 -32.950001
1.360000 -0.680000 0.000000 -15.840000 -17.120001 -32.919998 1.590000 -0.370000 -32.919998 1.530000 -0.560000 -32.919998
1.360000 -0.450000 0.000000 -15.850000 -17.110001 -32.849998 1.560000 -0.360000 -32.849998 1.500000 -0.540000 -32.849998
1.580000 -0.680000 0.000000 -15.860000 -17.120001 -32.779999 1.550000 -0.380000 -32.779999 1.500000 -0.560000 -32.779999
1.370000 -0.460000 0.000000 -15.870000 -17.120001 -32.680000 1.520000 -0.380000 -32.680000 1.480000 -0.550000 -32.680000
1.350000 -0.450000 0.000000 -15.880000 -17.139999 -32.610001 1.490000 -0.400000 -32.610001 1.460000 -0.560000 -32.610001
1.350000 -0.670000 0.000000 -15.890000 -17.129999 -32.540001 1.470000 -0.420000 -32.540001 1.440000 -0.570000 -32.540001
1.360000 -0.450000 0.000000 -15.890000 -17.129999 -32.459999 1.450000 -0.410000 -32.459999 1.440000 -0.560000 -32.459999
1.580000 -0.680000 0.000000 -15.920000 -17.150000 -32.380001 1.440000 -0.450000 -32.380001 1.420000 -0.580000 -32.380001
1.370000 -0.680000 0.000000 -15.920000 -17.129999 -32.310001 1.430000 -0.450000 -32.310001 1.420000 -0.570000 -32.310001
1.370000 -0.230000 0.000000 -15.940000 -17.129999 -32.259998 1.410000 -0.420000 -32.259998 1.400000 -0.550000 -32.259998
1.580000 -0.680000 0.000000 -15.930000 -17.120001 -32.189999 1.430000 -0.440000 -32.189999 1.420000 -0.550000 -32.189999
1.600000 -0.230000 0.000000 -15.950000 -17.120001 -32.110001 1.440000 -0.400000 -32.110001 1.410000 -0.520000 -32.110001
1.800000 -0.450000 0.000000 -15.950000 -17.120001 -32.040001 1.490000 -0.400000 -32.040001 1.440000 -0.520000 -32.040001
1.820000 -0.230000 0.000000 -15.970000 -17.120001 -31.959999 1.520000 -0.380000 -31.959999 1.450000 -0.500000 -31.959999
1.600000 -0.230000 0.000000 -15.970000 -17.139999 -31.879999 1.530000 -0.370000 -31.879999 1.450000 -0.500000 -31.879999
1.590000 -0.450000 0.000000 -15.990000 -17.160000 -31.799999 1.530000 -0.390000 -31.799999 1.450000 -0.520000 -31.799999
1.360000 -0.230000 0.000000 -16.010000 -17.180000 -31.709999 1.500000 -0.380000 -31.709999 1.430000 -0.510000 -31.709999
1.590000 -0.450000 0.000000 -15.980000 -17.180000 -31.680000 1.540000 -0.380000 -31.680000 1.460000 -0.510000 -31.680000
1.810000 -0.680000 0.000000 -15.990000 -17.200001 -31.610001 1.570000 -0.430000 -31.610001 1.480000 -0.540000 -31.610001
1.830000 -0.460000 0.000000 -16.000000 -17.200001 -31.549999 1.600000 -0.420000 -31.549999 1.490000 -0.530000 -31.549999
1.830000 -0.230000 0.000000 -16.020000 -17.190001 -31.459999 1.630000 -0.380000 -31.459999 1.500000 -0.500000 -31.459999
1.820000 -0.450000 0.000000 -16.040001 -17.180000 -31.410000 1.640000 -0.380000 -31.410000 1.500000 -0.490000 -31.410000
1.580000 -0.230000 0.000000 -16.049999 -17.170000 -31.340000 1.650000 -0.340000 -31.340000 1.500000 -0.460000 -31.340000
1.600000 -0.910000 0.000000 -16.059999 -17.160000 -31.280001 1.640000 -0.390000 -31.280001 1.500000 -0.480000 -31.280001
1.600000 -0.460000 0.000000 -16.059999 -17.170000 -31.219999 1.640000 -0.410000 -31.219999 1.500000 -0.490000 -31.219999
1.370000 -0.230000 0.000000 -16.070000 -17.200001 -31.160000 1.610000 -0.410000 -31.160000 1.480000 -0.500000 -31.160000
1.580000 -0.680000 0.000000 -16.080000 -17.209999 -31.090000 1.610000 -0.440000 -31.090000 1.480000 -0.520000 -31.090000
1.830000 -0.230000 0.000000 -16.080000 -17.209999 -31.020000 1.650000 -0.420000 -31.020000 1.510000 -0.500000 -31.020000
1.580000 -0.230000 0.000000 -16.080000 -17.230000 -30.950001 1.650000 -0.410000 -30.950001 1.510000 -0.500000 -30.950001
1.810000 -0.450000 0.000000 -16.090000 -17.209999 -30.889999 1.670000 -0.390000 -30.889999 1.520000 -0.480000 -30.889999
2.040000 -0.680000 0.000000 -16.100000 -17.230000 -30.799999 1.720000 -0.440000 -30.799999 1.550000 -0.510000 -30.799999
1.810000 -0.450000 0.000000 -16.110001 -17.240000 -30.730000 1.740000 -0.440000 -30.730000 1.560000 -0.520000 -30.730000
1.820000 -0.230000 0.000000 -16.110001 -17.260000 -30.670000 1.760000 -0.430000 -30.670000 1.570000 -0.510000 -30.670000
1.590000 -0.680000 0.000000 -16.139999 -17.260000 -30.600000 1.730000 -0.460000 -30.600000 1.550000 -0.530000 -30.600000
1.600000 -0.230000 0.000000 -16.139999 -17.260000 -30.530001 1.730000 -0.430000 -30.530001 1.560000 -0.510000 -30.530001
1.140000 0.000000 0.000000 -16.139999 -17.260000 -30.440001 1.660000 -0.370000 -30.440001 1.520000 -0.470000 -30.440001
1.800000 -0.230000 0.000000 -16.150000 -17.250000 -30.389999 1.680000 -0.330000 -30.389999 1.530000 -0.440000 -30.389999
1.580000 -0.230000 0.000000 -16.129999 -17.250000 -30.330000 1.700000 -0.310000 -30.330000 1.560000 -0.430000 -30.330000
1.580000 -0.680000 0.000000 -16.150000 -17.260000 -30.270000 1.670000 -0.360000 -30.270000 1.540000 -0.450000 -30.270000
1.590000 -0.230000 0.000000 -16.139999 -17.290001 -30.190001 1.670000 -0.360000 -30.190001 1.550000 -0.460000 -30.190001
1.370000 -0.460000 0.000000 -16.160000 -17.299999 -30.139999 1.630000 -0.380000 -30.139999 1.520000 -0.480000 -30.139999
1.570000 -0.670000 0.000000 -16.170000 -17.299999 -30.090000 1.620000 -0.400000 -30.090000 1.520000 -0.490000 -30.090000
1.620000 -0.690000 0.000000 -16.190001 -17.299999 -30.010000 1.610000 -0.440000 -30.010000 1.510000 -0.510000 -30.010000
1.570000 0.000000 0.000000 -16.190001 -17.309999 -29.920000 1.610000 -0.380000 -29.920000 1.510000 -0.480000 -29.920000
1.830000 -0.460000 0.000000 -16.190001 -17.320000 -29.850000 1.640000 -0.400000 -29.850000 1.530000 -0.480000 -29.850000
1.580000 -0.230000 0.000000 -16.180000 -17.330000 -29.790001 1.640000 -0.380000 -29.790001 1.540000 -0.480000 -29.790001
1.370000 -0.230000 0.000000 -16.190001 -17.340000 -29.750000 1.610000 -0.360000 -29.750000 1.520000 -0.470000 -29.750000
1.590000 -0.450000 0.000000 -16.180000 -17.340000 -29.690001 1.610000 -0.370000 -29.690001 1.530000 -0.470000 -29.690001
1.580000 -0.230000 0.000000 -16.180000 -17.350000 -29.610001 1.620000 -0.350000 -29.610001 1.540000 -0.460000 -29.610001
1.350000 -0.230000 0.000000 -16.160000 -17.340000 -29.549999 1.610000 -0.320000 -29.549999 1.550000 -0.440000 -29.549999
1.590000 -0.450000 0.000000 -16.139999 -17.360001 -29.490000 1.620000 -0.340000 -29.490000 1.560000 -0.450000 -29.490000
1.600000 -0.680000 0.000000 -16.150000 -17.360001 -29.410000 1.610000 -0.380000 -29.410000 1.560000 -0.470000 -29.410000
1.360000 -0.450000 0.000000 -16.150000 -17.379999 -29.340000 1.580000 -0.400000 -29.340000 1.540000 -0.490000 -29.340000
1.580000 -0.230000 0.000000 -16.180000 -17.379999 -29.280001 1.560000 -0.380000 -29.280001 1.520000 -0.470000 -29.280001
1.580000 -0.230000 0.000000 -16.180000 -17.379999 -29.230000 1.560000 -0.340000 -29.230000 1.530000 -0.450000 -29.230000
1.600000 -0.460000 0.000000 -16.180000 -17.389999 -29.160000 1.560000 -0.370000 -29.160000 1.530000 -0.470000 -29.160000
1.370000 -0.460000 0.000000 -16.200001 -17.400000 -29.090000 1.520000 -0.380000 -29.090000 1.500000 -0.480000 -29.090000
1.830000 -0.230000 0.000000 -16.209999 -17.430000 -29.040001 1.550000 -0.370000 -29.040001 1.520000 -0.480000 -29.040001
1.360000 -0.450000 0.000000 -16.219999 -17.420000 -28.969999 1.520000 -0.380000 -28.969999 1.490000 -0.470000 -28.969999
1.580000 -0.450000 0.000000 -16.219999 -17.420000 -28.900000 1.520000 -0.380000 -28.900000 1.500000 -0.470000 -28.900000
1.620000 -0.460000 0.000000 -16.209999 -17.440001 -28.840000 1.550000 -0.390000 -28.840000 1.520000 -0.480000 -28.840000
1.580000 -0.230000 0.000000 -16.219999 -17.450001 -28.790001 1.540000 -0.380000 -28.790001 1.510000 -0.480000 -28.790001
2.030000 -0.230000 0.000000 -16.230000 -17.469999 -28.719999 1.600000 -0.370000 -28.719999 1.540000 -0.480000 -28.719999
1.370000 -0.460000 0.000000 -16.240000 -17.469999 -28.670000 1.570000 -0.380000 -28.670000 1.520000 -0.480000 -28.670000
1.600000 -0.460000 0.000000 -16.230000 -17.480000 -28.590000 1.580000 -0.390000 -28.590000 1.530000 -0.490000 -28.590000
1.590000 -0.450000 0.000000 -16.240000 -17.490000 -28.549999 1.580000 -0.400000 -28.549999 1.530000 -0.490000 -28.549999
1.580000 -0.450000 0.000000 -16.240000 -17.500000 -28.490000 1.580000 -0.410000 -28.490000 1.530000 -0.500000 -28.490000
1.600000 -0.680000 0.000000 -16.250000 -17.510000 -28.430000 1.580000 -0.450000 -28.430000 1.530000 -0.520000 -28.430000
1.580000 -0.450000 0.000000 -16.280001 -17.510000 -28.370001 1.560000 -0.440000 -28.370001 1.510000 -0.510000 -28.370001
1.820000 -0.450000 0.000000 -16.290001 -17.490000 -28.330000 1.580000 -0.430000 -28.330000 1.510000 -0.500000 -28.330000
1.820000 -0.230000 0.000000 -16.299999 -17.500000 -28.270000 1.610000 -0.400000 -28.270000 1.530000 -0.480000 -28.270000
1.810000 -0.450000 0.000000 -16.320000 -17.480000 -28.190001 1.630000 -0.390000 -28.190001 1.530000 -0.460000 -28.190001
1.360000 -0.230000 0.000000 -16.320000 -17.480000 -28.110001 1.600000 -0.360000 -28.110001 1.520000 -0.450000 -28.110001
1.370000 -0.230000 0.000000 -16.320000 -17.510000 -28.040001 1.570000 -0.370000 -28.040001 1.500000 -0.460000 -28.040001
1.600000 -0.460000 0.000000 -16.309999 -17.510000 -27.950001 1.590000 -0.380000 -27.950001 1.520000 -0.460000 -27.950001
1.590000 -0.910000 0.000000 -16.330000 -17.540001 -27.900000 1.580000 -0.460000 -27.900000 1.510000 -0.520000 -27.900000
1.350000 -0.450000 0.000000 -16.330000 -17.540001 -27.840000 1.550000 -0.460000 -27.840000 1.490000 -0.520000 -27.840000
2.030000 -0.450000 0.000000 -16.330000 -17.540001 -27.790001 1.620000 -0.450000 -27.790001 1.540000 -0.510000 -27.790001
1.800000 -0.230000 0.000000 -16.340000 -17.540001 -27.719999 1.640000 -0.420000 -27.719999 1.550000 -0.490000 -27.719999
1.570000 -0.220000 0.000000 -16.350000 -17.510000 -27.650000 1.630000 -0.370000 -27.650000 1.530000 -0.440000 -27.650000
1.580000 -0.230000 0.000000 -16.379999 -17.510000 -27.590000 1.610000 -0.340000 -27.590000 1.510000 -0.430000 -27.590000
1.360000 -0.450000 0.000000 -16.379999 -17.510000 -27.530001 1.580000 -0.350000 -27.530001 1.500000 -0.430000 -27.530001
1.810000 -0.680000 0.000000 -16.400000 -17.520000 -27.469999 1.600000 -0.390000 -27.469999 1.510000 -0.450000 -27.469999
1.590000 -0.680000 0.000000 -16.389999 -17.520000 -27.410000 1.620000 -0.430000 -27.410000 1.520000 -0.470000 -27.410000
1.590000 -0.230000 0.000000 -16.400000 -17.510000 -27.340000 1.610000 -0.400000 -27.340000 1.520000 -0.450000 -27.340000
1.580000 -0.680000 0.000000 -16.430000 -17.510000 -27.270000 1.590000 -0.430000 -27.270000 1.500000 -0.460000 -27.270000
1.580000 -0.450000 0.000000 -16.440001 -17.530001 -27.209999 1.590000 -0.450000 -27.209999 1.490000 -0.480000 -27.209999
1.580000 -0.230000 0.000000 -16.440001 -17.530001 -27.129999 1.590000 -0.420000 -27.129999 1.500000 -0.460000 -27.129999
1.590000 -0.450000 0.000000 -16.440001 -17.540001 -27.080000 1.600000 -0.430000 -27.080000 1.500000 -0.470000 -27.080000
2.050000 -0.680000 0.000000 -16.459999 -17.540001 -27.020000 1.640000 -0.460000 -27.020000 1.520000 -0.490000 -27.020000
1.820000 -0.680000 0.000000 -16.480000 -17.540001 -26.969999 1.650000 -0.490000 -26.969999 1.520000 -0.500000 -26.969999
1.140000 -0.230000 0.000000 -16.500000 -17.549999 -26.900000 1.590000 -0.470000 -26.900000 1.480000 -0.490000 -26.900000
1.360000 -0.230000 0.000000 -16.510000 -17.549999 -26.809999 1.550000 -0.440000 -26.809999 1.460000 -0.470000 -26.809999
1.810000 -0.450000 0.000000 -16.510000 -17.559999 -26.730000 1.600000 -0.440000 -26.730000 1.490000 -0.480000 -26.730000
1.360000 -0.450000 0.000000 -16.500000 -17.549999 -26.680000 1.580000 -0.430000 -26.680000 1.490000 -0.470000 -26.680000
1.360000 -0.450000 0.000000 -16.500000 -17.530001 -26.590000 1.560000 -0.420000 -26.590000 1.480000 -0.450000 -26.590000
1.600000 -0.680000 0.000000 -16.500000 -17.520000 -26.549999 1.570000 -0.450000 -26.549999 1.480000 -0.460000 -26.549999
1.350000 -0.230000 0.000000 -16.520000 -17.549999 -26.480000 1.530000 -0.440000 -26.480000 1.460000 -0.470000 -26.480000
1.580000 -0.450000 0.000000 -16.510000 -17.580000 -26.420000 1.550000 -0.470000 -26.420000 1.470000 -0.500000 -26.420000
1.360000 -0.680000 0.000000 -16.500000 -17.590000 -26.379999 1.530000 -0.500000 -26.379999 1.470000 -0.520000 -26.379999
1.370000 -0.460000 0.000000 -16.510000 -17.590000 -26.299999 1.510000 -0.490000 -26.299999 1.460000 -0.510000 -26.299999
1.590000 -0.680000 0.000000 -16.480000 -17.600000 -26.260000 1.550000 -0.530000 -26.260000 1.500000 -0.530000 -26.260000
1.360000 -0.680000 0.000000 -16.490000 -17.610001 -26.200001 1.510000 -0.560000 -26.200001 1.470000 -0.550000 -26.200001
1.590000 -0.450000 0.000000 -16.500000 -17.620001 -26.139999 1.510000 -0.560000 -26.139999 1.470000 -0.560000 -26.139999
1.830000 -0.680000 0.000000 -16.490000 -17.629999 -26.100000 1.560000 -0.580000 -26.100000 1.510000 -0.570000 -26.100000
1.360000 -0.680000 0.000000 -16.490000 -17.620001 -26.040001 1.540000 -0.580000 -26.040001 1.500000 -0.570000 -26.040001
1.360000 -0.450000 0.000000 -16.510000 -17.639999 -25.969999 1.500000 -0.590000 -25.969999 1.470000 -0.580000 -25.969999
1.360000 -0.450000 0.000000 -16.540001 -17.620001 -25.930000 1.460000 -0.560000 -25.930000 1.440000 -0.560000 -25.930000
1.580000 -0.680000 0.000000 -16.559999 -17.629999 -25.870001 1.460000 -0.580000 -25.870001 1.430000 -0.570000 -25.870001
1.370000 -0.230000 0.000000 -16.570000 -17.639999 -25.809999 1.440000 -0.550000 -25.809999 1.420000 -0.560000 -25.809999
1.360000 -0.230000 0.000000 -16.590000 -17.629999 -25.709999 1.420000 -0.500000 -25.709999 1.400000 -0.520000 -25.709999
1.580000 -0.450000 0.000000 -16.590000 -17.629999 -25.629999 1.430000 -0.490000 -25.629999 1.400000 -0.520000 -25.629999
1.800000 -0.230000 0.000000 -16.600000 -17.639999 -25.580000 1.470000 -0.460000 -25.580000 1.430000 -0.510000 -25.580000
1.580000 -0.230000 0.000000 -16.610001 -17.660000 -25.500000 1.480000 -0.440000 -25.500000 1.430000 -0.510000 -25.500000
1.140000 -0.450000 0.000000 -16.610001 -17.670000 -25.410000 1.440000 -0.450000 -25.410000 1.410000 -0.520000 -25.410000
1.360000 -0.680000 0.000000 -16.610001 -17.680000 -25.350000 1.430000 -0.480000 -25.350000 1.400000 -0.540000 -25.350000
1.600000 -0.460000 0.000000 -16.629999 -17.690001 -25.299999 1.440000 -0.480000 -25.299999 1.400000 -0.540000 -25.299999
1.600000 -0.230000 0.000000 -16.629999 -17.709999 -25.240000 1.460000 -0.460000 -25.240000 1.410000 -0.540000 -25.240000
1.600000 -0.680000 0.000000 -16.620001 -17.709999 -25.170000 1.490000 -0.480000 -25.170000 1.430000 -0.550000 -25.170000
1.590000 -0.230000 0.000000 -16.600000 -17.700001 -25.090000 1.530000 -0.430000 -25.090000 1.470000 -0.510000 -25.090000
1.800000 -0.230000 0.000000 -16.610001 -17.700001 -25.040001 1.560000 -0.400000 -25.040001 1.480000 -0.500000 -25.040001
1.140000 -0.230000 0.000000 -16.610001 -17.719999 -24.959999 1.510000 -0.380000 -24.959999 1.450000 -0.490000 -24.959999
1.130000 -0.230000 0.000000 -16.620001 -17.700001 -24.889999 1.460000 -0.340000 -24.889999 1.430000 -0.460000 -24.889999
1.820000 -0.450000 0.000000 -16.610001 -17.700001 -24.809999 1.510000 -0.350000 -24.809999 1.460000 -0.460000 -24.809999
1.360000 -0.680000 0.000000 -16.969999 -17.730000 -24.790001 1.180000 -0.400000 -24.790001 1.120000 -0.500000 -24.790001
1.360000 -0.450000 0.000000 -16.969999 -17.740000 -24.700001 1.210000 -0.410000 -24.700001 1.140000 -0.500000 -24.700001
1.580000 -0.680000 0.000000 -16.980000 -17.760000 -24.639999 1.260000 -0.450000 -24.639999 1.160000 -0.530000 -24.639999
1.590000 -0.450000 0.000000 -16.969999 -17.770000 -24.570000 1.310000 -0.450000 -24.570000 1.190000 -0.540000 -24.570000
1.830000 -0.460000 0.000000 -16.980000 -17.760000 -24.510000 1.380000 -0.450000 -24.510000 1.230000 -0.530000 -24.510000
1.590000 -0.230000 0.000000 -16.980000 -17.770000 -24.440001 1.420000 -0.420000 -24.440001 1.250000 -0.520000 -24.440001
1.360000 -0.450000 0.000000 -17.000000 -17.780001 -24.379999 1.420000 -0.420000 -24.379999 1.250000 -0.510000 -24.379999
1.580000 -0.230000 0.000000 -17.010000 -17.790001 -24.320000 1.440000 -0.400000 -24.320000 1.260000 -0.500000 -24.320000
1.120000 -0.220000 0.000000 -17.010000 -17.780001 -24.270000 1.410000 -0.360000 -24.270000 1.250000 -0.480000 -24.270000
1.600000 -0.690000 0.000000 -17.010000 -17.780001 -24.219999 1.450000 -0.400000 -24.219999 1.270000 -0.500000 -24.219999
2.050000 -0.450000 0.000000 -17.020000 -17.790001 -24.129999 1.540000 -0.400000 -24.129999 1.320000 -0.500000 -24.129999
1.600000 -0.230000 0.000000 -17.020000 -17.790001 -24.030001 1.570000 -0.380000 -24.030001 1.340000 -0.490000 -24.030001
2.050000 -0.450000 0.000000 -17.020000 -17.809999 -23.959999 1.650000 -0.400000 -23.959999 1.390000 -0.500000 -23.959999
1.590000 -0.450000 0.000000 -17.020000 -17.840000 -23.910000 1.660000 -0.430000 -23.910000 1.400000 -0.530000 -23.910000
1.590000 -0.230000 0.000000 -17.020000 -17.860001 -23.860001 1.680000 -0.410000 -23.860001 1.420000 -0.520000 -23.860001
1.360000 -0.230000 0.000000 -17.010000 -17.850000 -23.799999 1.660000 -0.370000 -23.799999 1.420000 -0.490000 -23.799999
1.360000 -0.450000 0.000000 -17.010000 -17.850000 -23.750000 1.650000 -0.370000 -23.750000 1.420000 -0.490000 -23.750000
1.590000 -0.450000 0.000000 -17.020000 -17.840000 -23.690001 1.650000 -0.360000 -23.690001 1.420000 -0.480000 -23.690001
1.360000 -0.450000 0.000000 -17.020000 -17.830000 -23.600000 1.630000 -0.360000 -23.600000 1.410000 -0.470000 -23.600000
1.590000 -0.910000 0.000000 -17.049999 -17.840000 -23.549999 1.610000 -0.420000 -23.549999 1.400000 -0.500000 -23.549999
1.580000 -0.230000 0.000000 -17.040001 -17.840000 -23.469999 1.640000 -0.400000 -23.469999 1.430000 -0.480000 -23.469999
1.580000 -0.230000 0.000000 -17.040001 -17.850000 -23.410000 1.640000 -0.380000 -23.410000 1.430000 -0.480000 -23.410000
1.590000 -0.230000 0.000000 -17.030001 -17.840000 -23.340000 1.660000 -0.350000 -23.340000 1.450000 -0.450000 -23.340000
1.360000 -0.450000 0.000000 -17.059999 -17.820000 -23.280001 1.600000 -0.340000 -23.280001 1.420000 -0.430000 -23.280001
1.830000 -0.680000 0.000000 -17.070000 -17.850000 -23.240000 1.640000 -0.400000 -23.240000 1.440000 -0.480000 -23.240000
1.360000 -0.230000 0.000000 -17.059999 -17.860001 -23.180000 1.620000 -0.390000 -23.180000 1.440000 -0.470000 -23.180000
1.140000 -0.450000 0.000000 -17.059999 -17.860001 -23.110001 1.570000 -0.390000 -23.110001 1.420000 -0.470000 -23.110001
1.580000 -0.450000 0.000000 -17.059999 -17.850000 -23.080000 1.580000 -0.380000 -23.080000 1.430000 -0.460000 -23.080000
1.580000 0.000000 0.000000 -17.059999 -17.860001 -23.030001 1.590000 -0.340000 -23.030001 1.440000 -0.440000 -23.030001
2.050000 -0.910000 0.000000 -17.070000 -17.879999 -22.950001 1.650000 -0.420000 -22.950001 1.480000 -0.490000 -22.950001
1.350000 -0.450000 0.000000 -17.070000 -17.900000 -22.879999 1.620000 -0.440000 -22.879999 1.470000 -0.500000 -22.879999
1.590000 -0.450000 0.000000 -17.080000 -17.879999 -22.850000 1.620000 -0.420000 -22.850000 1.470000 -0.480000 -22.850000
1.140000 -0.230000 0.000000 -17.070000 -17.879999 -22.809999 1.570000 -0.390000 -22.809999 1.450000 -0.460000 -22.809999
1.580000 -0.450000 0.000000 -17.070000 -17.879999 -22.740000 1.570000 -0.400000 -22.740000 1.460000 -0.470000 -22.740000
1.590000 -0.450000 0.000000 -17.100000 -17.900000 -22.680000 1.560000 -0.420000 -22.680000 1.450000 -0.480000 -22.680000
1.830000 -0.460000 0.000000 -17.120001 -17.920000 -22.620001 1.580000 -0.430000 -22.620001 1.450000 -0.490000 -22.620001
1.580000 -0.450000 0.000000 -17.129999 -17.930000 -22.549999 1.580000 -0.440000 -22.549999 1.450000 -0.500000 -22.549999
1.590000 -0.230000 0.000000 -17.120001 -17.940001 -22.490000 1.590000 -0.420000 -22.490000 1.470000 -0.490000 -22.490000
1.600000 -0.680000 0.000000 -17.129999 -17.950001 -22.440001 1.590000 -0.470000 -22.440001 1.470000 -0.520000 -22.440001
1.360000 -0.230000 0.000000 -17.129999 -17.950001 -22.360001 1.570000 -0.430000 -22.360001 1.460000 -0.500000 -22.360001
1.350000 0.000000 0.000000 -17.139999 -17.959999 -22.270000 1.540000 -0.380000 -22.270000 1.440000 -0.470000 -22.270000
2.050000 -0.680000 0.000000 -17.150000 -17.959999 -22.200001 1.600000 -0.410000 -22.200001 1.480000 -0.490000 -22.200001
1.140000 -0.680000 0.000000 -17.160000 -17.980000 -22.150000 1.540000 -0.460000 -22.150000 1.440000 -0.520000 -22.150000
1.360000 -0.230000 0.000000 -17.170000 -18.000000 -22.049999 1.510000 -0.440000 -22.049999 1.430000 -0.520000 -22.049999
1.590000 -0.230000 0.000000 -17.170000 -18.010000 -21.990000 1.520000 -0.420000 -21.990000 1.440000 -0.510000 -21.990000
1.580000 0.000000 0.000000 -17.190001 -18.030001 -21.900000 1.520000 -0.380000 -21.900000 1.440000 -0.490000 -21.900000
1.570000 -0.220000 0.000000 -17.180000 -18.030001 -21.850000 1.530000 -0.350000 -21.850000 1.450000 -0.470000 -21.850000
1.360000 -0.230000 0.000000 -17.190001 -18.040001 -21.790001 1.510000 -0.330000 -21.790001 1.430000 -0.460000 -21.790001
1.370000 -0.460000 0.000000 -17.209999 -18.049999 -21.709999 1.480000 -0.340000 -21.709999 1.420000 -0.470000 -21.709999
1.130000 -0.230000 0.000000 -17.209999 -18.049999 -21.650000 1.430000 -0.320000 -21.650000 1.390000 -0.460000 -21.650000
1.580000 -0.450000 0.000000 -17.209999 -18.070000 -21.570000 1.450000 -0.340000 -21.570000 1.400000 -0.470000 -21.570000
1.580000 -0.230000 0.000000 -17.230000 -18.070000 -21.490000 1.460000 -0.310000 -21.490000 1.400000 -0.450000 -21.490000
1.360000 -0.450000 0.000000 -17.240000 -18.059999 -21.430000 1.440000 -0.320000 -21.430000 1.390000 -0.450000 -21.430000
1.810000 -0.450000 0.000000 -17.230000 -18.059999 -21.370001 1.490000 -0.320000 -21.370001 1.420000 -0.450000 -21.370001
1.590000 -0.450000 0.000000 -17.240000 -18.059999 -21.299999 1.500000 -0.330000 -21.299999 1.430000 -0.450000 -21.299999
1.600000 -0.230000 0.000000 -17.250000 -18.090000 -21.240000 1.510000 -0.330000 -21.240000 1.430000 -0.460000 -21.240000
1.580000 -0.680000 0.000000 -17.260000 -18.080000 -21.190001 1.510000 -0.360000 -21.190001 1.430000 -0.460000 -21.190001
1.830000 -1.140000 0.000000 -17.270000 -18.059999 -21.049999 1.560000 -0.410000 -21.049999 1.460000 -0.480000 -21.049999
1.590000 -0.450000 0.000000 -17.290001 -18.070000 -21.000000 1.560000 -0.430000 -21.000000 1.450000 -0.490000 -21.000000
1.370000 -0.230000 0.000000 -17.299999 -18.059999 -20.930000 1.540000 -0.400000 -20.930000 1.440000 -0.460000 -20.930000
1.840000 -0.690000 0.000000 -17.299999 -18.070000 -20.840000 1.590000 -0.440000 -20.840000 1.470000 -0.490000 -20.840000
1.130000 0.000000 0.000000 -17.309999 -18.070000 -20.790001 1.520000 -0.380000 -20.790001 1.430000 -0.450000 -20.790001
1.370000 -0.230000 0.000000 -17.330000 -18.070000 -20.719999 1.500000 -0.360000 -20.719999 1.410000 -0.440000 -20.719999
1.600000 -0.460000 0.000000 -17.330000 -18.090000 -20.690001 1.510000 -0.390000 -20.690001 1.420000 -0.460000 -20.690001
1.360000 -0.450000 0.000000 -17.330000 -18.100000 -20.629999 1.500000 -0.400000 -20.629999 1.420000 -0.470000 -20.629999
1.600000 -0.460000 0.000000 -17.340000 -18.129999 -20.559999 1.510000 -0.430000 -20.559999 1.430000 -0.490000 -20.559999
1.820000 -0.450000 0.000000 -17.350000 -18.120001 -20.490000 1.550000 -0.420000 -20.490000 1.440000 -0.480000 -20.490000
1.590000 -0.450000 0.000000 -17.360001 -18.120001 -20.440001 1.550000 -0.420000 -20.440001 1.440000 -0.480000 -20.440001
1.830000 -0.230000 0.000000 -17.379999 -18.129999 -20.350000 1.580000 -0.400000 -20.350000 1.450000 -0.470000 -20.350000
1.810000 -0.230000 0.000000 -17.389999 -18.139999 -20.260000 1.610000 -0.380000 -20.260000 1.470000 -0.460000 -20.260000
1.830000 -0.680000 0.000000 -17.389999 -18.150000 -20.160000 1.640000 -0.420000 -20.160000 1.490000 -0.480000 -20.160000
